# Theory BB lensing spectra (r=0) with Planck 2018 best-fit parameters from plikHM_TTTEEE_lowl_lowE_lensing LCDM chain
# l	l(l+1)Cl^BB/2pi [uK^2]
0	0.000000e+00
1	0.000000e+00
2	1.824548e-06
3	3.649570e-06
4	6.083665e-06
5	9.127456e-06
6	1.278171e-05
7	1.704733e-05
8	2.192537e-05
9	2.741698e-05
10	3.352344e-05
11	4.024616e-05
12	4.758660e-05
13	5.554634e-05
14	6.412701e-05
15	7.333032e-05
16	8.315800e-05
17	9.361184e-05
18	1.046936e-04
19	1.164052e-04
20	1.287483e-04
21	1.417248e-04
22	1.553363e-04
23	1.695846e-04
24	1.844714e-04
25	1.999981e-04
26	2.161664e-04
27	2.329775e-04
28	2.504329e-04
29	2.685337e-04
30	2.872811e-04
31	3.066759e-04
32	3.267190e-04
33	3.474112e-04
34	3.687530e-04
35	3.907449e-04
36	4.133873e-04
37	4.366802e-04
38	4.606238e-04
39	4.852181e-04
40	5.104627e-04
41	5.363575e-04
42	5.629020e-04
43	5.900958e-04
44	6.179381e-04
45	6.464284e-04
46	6.755658e-04
47	7.053496e-04
48	7.357788e-04
49	7.668526e-04
50	7.985701e-04
51	8.309301e-04
52	8.639319e-04
53	8.975744e-04
54	9.318567e-04
55	9.667780e-04
56	1.002337e-03
57	1.038534e-03
58	1.075367e-03
59	1.112836e-03
60	1.150941e-03
61	1.189680e-03
62	1.229054e-03
63	1.269063e-03
64	1.309706e-03
65	1.350983e-03
66	1.392895e-03
67	1.435441e-03
68	1.478624e-03
69	1.522442e-03
70	1.566897e-03
71	1.611989e-03
72	1.657721e-03
73	1.704092e-03
74	1.751106e-03
75	1.798762e-03
76	1.847063e-03
77	1.896010e-03
78	1.945606e-03
79	1.995852e-03
80	2.046752e-03
81	2.098306e-03
82	2.150518e-03
83	2.203391e-03
84	2.256926e-03
85	2.311127e-03
86	2.365996e-03
87	2.421537e-03
88	2.477752e-03
89	2.534645e-03
90	2.592219e-03
91	2.650476e-03
92	2.709421e-03
93	2.769056e-03
94	2.829384e-03
95	2.890410e-03
96	2.952137e-03
97	3.014568e-03
98	3.077707e-03
99	3.141557e-03
100	3.206121e-03
101	3.271404e-03
102	3.337410e-03
103	3.404141e-03
104	3.471602e-03
105	3.539796e-03
106	3.608728e-03
107	3.678402e-03
108	3.748820e-03
109	3.819988e-03
110	3.891910e-03
111	3.964590e-03
112	4.038032e-03
113	4.112241e-03
114	4.187221e-03
115	4.262977e-03
116	4.339514e-03
117	4.416836e-03
118	4.494949e-03
119	4.573857e-03
120	4.653567e-03
121	4.734082e-03
122	4.815410e-03
123	4.897555e-03
124	4.980524e-03
125	5.064322e-03
126	5.148955e-03
127	5.234429e-03
128	5.320751e-03
129	5.407927e-03
130	5.495964e-03
131	5.584868e-03
132	5.674646e-03
133	5.765305e-03
134	5.856851e-03
135	5.949291e-03
136	6.042632e-03
137	6.136881e-03
138	6.232046e-03
139	6.328132e-03
140	6.425146e-03
141	6.523096e-03
142	6.621989e-03
143	6.721830e-03
144	6.822626e-03
145	6.924384e-03
146	7.027110e-03
147	7.130810e-03
148	7.235489e-03
149	7.341154e-03
150	7.447809e-03
151	7.555460e-03
152	7.664112e-03
153	7.773768e-03
154	7.884434e-03
155	7.996113e-03
156	8.108808e-03
157	8.222524e-03
158	8.337261e-03
159	8.453024e-03
160	8.569814e-03
161	8.687631e-03
162	8.806479e-03
163	8.926356e-03
164	9.047265e-03
165	9.169203e-03
166	9.292171e-03
167	9.416168e-03
168	9.541192e-03
169	9.667241e-03
170	9.794313e-03
171	9.922406e-03
172	1.005151e-02
173	1.018164e-02
174	1.031277e-02
175	1.044490e-02
176	1.057804e-02
177	1.071217e-02
178	1.084729e-02
179	1.098340e-02
180	1.112048e-02
181	1.125853e-02
182	1.139754e-02
183	1.153751e-02
184	1.167843e-02
185	1.182029e-02
186	1.196308e-02
187	1.210680e-02
188	1.225143e-02
189	1.239697e-02
190	1.254340e-02
191	1.269073e-02
192	1.283893e-02
193	1.298801e-02
194	1.313794e-02
195	1.328872e-02
196	1.344034e-02
197	1.359279e-02
198	1.374606e-02
199	1.390013e-02
200	1.405500e-02
201	1.421066e-02
202	1.436709e-02
203	1.452428e-02
204	1.468222e-02
205	1.484090e-02
206	1.500030e-02
207	1.516042e-02
208	1.532123e-02
209	1.548274e-02
210	1.564491e-02
211	1.580775e-02
212	1.597124e-02
213	1.613536e-02
214	1.630010e-02
215	1.646544e-02
216	1.663137e-02
217	1.679788e-02
218	1.696494e-02
219	1.713255e-02
220	1.730069e-02
221	1.746933e-02
222	1.763847e-02
223	1.780809e-02
224	1.797817e-02
225	1.814868e-02
226	1.831962e-02
227	1.849097e-02
228	1.866270e-02
229	1.883480e-02
230	1.900725e-02
231	1.918002e-02
232	1.935310e-02
233	1.952647e-02
234	1.970011e-02
235	1.987400e-02
236	2.004811e-02
237	2.022243e-02
238	2.039693e-02
239	2.057159e-02
240	2.074640e-02
241	2.092132e-02
242	2.109634e-02
243	2.127144e-02
244	2.144659e-02
245	2.162178e-02
246	2.179697e-02
247	2.197215e-02
248	2.214730e-02
249	2.232240e-02
250	2.249742e-02
251	2.267234e-02
252	2.284715e-02
253	2.302182e-02
254	2.319632e-02
255	2.337065e-02
256	2.354478e-02
257	2.371869e-02
258	2.389236e-02
259	2.406578e-02
260	2.423891e-02
261	2.441176e-02
262	2.458429e-02
263	2.475649e-02
264	2.492835e-02
265	2.509984e-02
266	2.527095e-02
267	2.544167e-02
268	2.561198e-02
269	2.578186e-02
270	2.595130e-02
271	2.612029e-02
272	2.628881e-02
273	2.645686e-02
274	2.662441e-02
275	2.679146e-02
276	2.695799e-02
277	2.712399e-02
278	2.728946e-02
279	2.745438e-02
280	2.761874e-02
281	2.778253e-02
282	2.794574e-02
283	2.810837e-02
284	2.827041e-02
285	2.843184e-02
286	2.859266e-02
287	2.875286e-02
288	2.891244e-02
289	2.907138e-02
290	2.922969e-02
291	2.938735e-02
292	2.954437e-02
293	2.970072e-02
294	2.985642e-02
295	3.001145e-02
296	3.016580e-02
297	3.031948e-02
298	3.047249e-02
299	3.062480e-02
300	3.077644e-02
301	3.092738e-02
302	3.107763e-02
303	3.122718e-02
304	3.137604e-02
305	3.152420e-02
306	3.167165e-02
307	3.181841e-02
308	3.196446e-02
309	3.210982e-02
310	3.225447e-02
311	3.239842e-02
312	3.254167e-02
313	3.268422e-02
314	3.282607e-02
315	3.296723e-02
316	3.310770e-02
317	3.324749e-02
318	3.338659e-02
319	3.352502e-02
320	3.366277e-02
321	3.379986e-02
322	3.393629e-02
323	3.407206e-02
324	3.420720e-02
325	3.434169e-02
326	3.447556e-02
327	3.460882e-02
328	3.474147e-02
329	3.487352e-02
330	3.500499e-02
331	3.513589e-02
332	3.526623e-02
333	3.539603e-02
334	3.552529e-02
335	3.565404e-02
336	3.578229e-02
337	3.591005e-02
338	3.603734e-02
339	3.616419e-02
340	3.629059e-02
341	3.641658e-02
342	3.654218e-02
343	3.666739e-02
344	3.679224e-02
345	3.691675e-02
346	3.704093e-02
347	3.716482e-02
348	3.728842e-02
349	3.741177e-02
350	3.753487e-02
351	3.765775e-02
352	3.778044e-02
353	3.790295e-02
354	3.802530e-02
355	3.814752e-02
356	3.826963e-02
357	3.839164e-02
358	3.851359e-02
359	3.863549e-02
360	3.875736e-02
361	3.887923e-02
362	3.900112e-02
363	3.912304e-02
364	3.924503e-02
365	3.936709e-02
366	3.948926e-02
367	3.961155e-02
368	3.973398e-02
369	3.985658e-02
370	3.997936e-02
371	4.010234e-02
372	4.022555e-02
373	4.034901e-02
374	4.047272e-02
375	4.059672e-02
376	4.072103e-02
377	4.084565e-02
378	4.097062e-02
379	4.109595e-02
380	4.122165e-02
381	4.134776e-02
382	4.147427e-02
383	4.160123e-02
384	4.172863e-02
385	4.185650e-02
386	4.198486e-02
387	4.211373e-02
388	4.224312e-02
389	4.237305e-02
390	4.250354e-02
391	4.263460e-02
392	4.276626e-02
393	4.289853e-02
394	4.303142e-02
395	4.316495e-02
396	4.329915e-02
397	4.343402e-02
398	4.356958e-02
399	4.370585e-02
400	4.384285e-02
401	4.398058e-02
402	4.411908e-02
403	4.425834e-02
404	4.439839e-02
405	4.453924e-02
406	4.468091e-02
407	4.482341e-02
408	4.496675e-02
409	4.511095e-02
410	4.525602e-02
411	4.540198e-02
412	4.554883e-02
413	4.569659e-02
414	4.584528e-02
415	4.599489e-02
416	4.614545e-02
417	4.629696e-02
418	4.644943e-02
419	4.660287e-02
420	4.675730e-02
421	4.691271e-02
422	4.706911e-02
423	4.722652e-02
424	4.738493e-02
425	4.754436e-02
426	4.770480e-02
427	4.786626e-02
428	4.802874e-02
429	4.819225e-02
430	4.835678e-02
431	4.852234e-02
432	4.868893e-02
433	4.885655e-02
434	4.902518e-02
435	4.919484e-02
436	4.936552e-02
437	4.953722e-02
438	4.970992e-02
439	4.988363e-02
440	5.005833e-02
441	5.023403e-02
442	5.041071e-02
443	5.058837e-02
444	5.076699e-02
445	5.094657e-02
446	5.112709e-02
447	5.130855e-02
448	5.149094e-02
449	5.167423e-02
450	5.185843e-02
451	5.204351e-02
452	5.222947e-02
453	5.241628e-02
454	5.260394e-02
455	5.279242e-02
456	5.298172e-02
457	5.317181e-02
458	5.336269e-02
459	5.355432e-02
460	5.374671e-02
461	5.393982e-02
462	5.413365e-02
463	5.432817e-02
464	5.452336e-02
465	5.471921e-02
466	5.491570e-02
467	5.511280e-02
468	5.531051e-02
469	5.550879e-02
470	5.570763e-02
471	5.590701e-02
472	5.610691e-02
473	5.630731e-02
474	5.650818e-02
475	5.670950e-02
476	5.691126e-02
477	5.711343e-02
478	5.731599e-02
479	5.751892e-02
480	5.772219e-02
481	5.792579e-02
482	5.812968e-02
483	5.833385e-02
484	5.853827e-02
485	5.874292e-02
486	5.894777e-02
487	5.915280e-02
488	5.935798e-02
489	5.956329e-02
490	5.976871e-02
491	5.997420e-02
492	6.017975e-02
493	6.038532e-02
494	6.059088e-02
495	6.079642e-02
496	6.100191e-02
497	6.120730e-02
498	6.141259e-02
499	6.161774e-02
500	6.182272e-02
501	6.202750e-02
502	6.223206e-02
503	6.243636e-02
504	6.264038e-02
505	6.284409e-02
506	6.304745e-02
507	6.325044e-02
508	6.345303e-02
509	6.365519e-02
510	6.385689e-02
511	6.405809e-02
512	6.425878e-02
513	6.445891e-02
514	6.465846e-02
515	6.485740e-02
516	6.505570e-02
517	6.525334e-02
518	6.545027e-02
519	6.564648e-02
520	6.584193e-02
521	6.603660e-02
522	6.623046e-02
523	6.642347e-02
524	6.661562e-02
525	6.680688e-02
526	6.699721e-02
527	6.718660e-02
528	6.737502e-02
529	6.756244e-02
530	6.774884e-02
531	6.793419e-02
532	6.811847e-02
533	6.830167e-02
534	6.848374e-02
535	6.866468e-02
536	6.884447e-02
537	6.902307e-02
538	6.920048e-02
539	6.937667e-02
540	6.955162e-02
541	6.972532e-02
542	6.989775e-02
543	7.006888e-02
544	7.023872e-02
545	7.040723e-02
546	7.057440e-02
547	7.074023e-02
548	7.090469e-02
549	7.106777e-02
550	7.122946e-02
551	7.138975e-02
552	7.154863e-02
553	7.170607e-02
554	7.186209e-02
555	7.201665e-02
556	7.216976e-02
557	7.232141e-02
558	7.247158e-02
559	7.262027e-02
560	7.276747e-02
561	7.291317e-02
562	7.305737e-02
563	7.320006e-02
564	7.334124e-02
565	7.348090e-02
566	7.361903e-02
567	7.375563e-02
568	7.389070e-02
569	7.402424e-02
570	7.415623e-02
571	7.428669e-02
572	7.441560e-02
573	7.454297e-02
574	7.466879e-02
575	7.479307e-02
576	7.491580e-02
577	7.503698e-02
578	7.515662e-02
579	7.527472e-02
580	7.539128e-02
581	7.550630e-02
582	7.561979e-02
583	7.573175e-02
584	7.584218e-02
585	7.595110e-02
586	7.605850e-02
587	7.616439e-02
588	7.626879e-02
589	7.637169e-02
590	7.647311e-02
591	7.657306e-02
592	7.667154e-02
593	7.676856e-02
594	7.686415e-02
595	7.695831e-02
596	7.705104e-02
597	7.714238e-02
598	7.723232e-02
599	7.732089e-02
600	7.740811e-02
601	7.749398e-02
602	7.757852e-02
603	7.766176e-02
604	7.774370e-02
605	7.782438e-02
606	7.790381e-02
607	7.798200e-02
608	7.805899e-02
609	7.813479e-02
610	7.820942e-02
611	7.828291e-02
612	7.835529e-02
613	7.842656e-02
614	7.849677e-02
615	7.856592e-02
616	7.863406e-02
617	7.870120e-02
618	7.876737e-02
619	7.883260e-02
620	7.889691e-02
621	7.896033e-02
622	7.902288e-02
623	7.908461e-02
624	7.914552e-02
625	7.920565e-02
626	7.926504e-02
627	7.932370e-02
628	7.938166e-02
629	7.943896e-02
630	7.949562e-02
631	7.955167e-02
632	7.960714e-02
633	7.966206e-02
634	7.971646e-02
635	7.977036e-02
636	7.982380e-02
637	7.987679e-02
638	7.992938e-02
639	7.998159e-02
640	8.003345e-02
641	8.008499e-02
642	8.013623e-02
643	8.018720e-02
644	8.023794e-02
645	8.028846e-02
646	8.033880e-02
647	8.038898e-02
648	8.043904e-02
649	8.048900e-02
650	8.053888e-02
651	8.058872e-02
652	8.063853e-02
653	8.068836e-02
654	8.073822e-02
655	8.078815e-02
656	8.083816e-02
657	8.088828e-02
658	8.093855e-02
659	8.098899e-02
660	8.103962e-02
661	8.109046e-02
662	8.114156e-02
663	8.119292e-02
664	8.124458e-02
665	8.129657e-02
666	8.134890e-02
667	8.140160e-02
668	8.145470e-02
669	8.150822e-02
670	8.156219e-02
671	8.161664e-02
672	8.167157e-02
673	8.172703e-02
674	8.178303e-02
675	8.183959e-02
676	8.189675e-02
677	8.195451e-02
678	8.201291e-02
679	8.207197e-02
680	8.213171e-02
681	8.219215e-02
682	8.225330e-02
683	8.231520e-02
684	8.237787e-02
685	8.244131e-02
686	8.250555e-02
687	8.257062e-02
688	8.263652e-02
689	8.270328e-02
690	8.277091e-02
691	8.283943e-02
692	8.290885e-02
693	8.297919e-02
694	8.305047e-02
695	8.312269e-02
696	8.319588e-02
697	8.327004e-02
698	8.334519e-02
699	8.342133e-02
700	8.349848e-02
701	8.357664e-02
702	8.365584e-02
703	8.373606e-02
704	8.381733e-02
705	8.389964e-02
706	8.398300e-02
707	8.406743e-02
708	8.415291e-02
709	8.423946e-02
710	8.432708e-02
711	8.441577e-02
712	8.450552e-02
713	8.459636e-02
714	8.468826e-02
715	8.478123e-02
716	8.487527e-02
717	8.497037e-02
718	8.506654e-02
719	8.516377e-02
720	8.526205e-02
721	8.536138e-02
722	8.546175e-02
723	8.556316e-02
724	8.566560e-02
725	8.576906e-02
726	8.587354e-02
727	8.597902e-02
728	8.608549e-02
729	8.619296e-02
730	8.630139e-02
731	8.641079e-02
732	8.652115e-02
733	8.663244e-02
734	8.674467e-02
735	8.685781e-02
736	8.697185e-02
737	8.708678e-02
738	8.720258e-02
739	8.731925e-02
740	8.743676e-02
741	8.755510e-02
742	8.767425e-02
743	8.779420e-02
744	8.791494e-02
745	8.803643e-02
746	8.815867e-02
747	8.828164e-02
748	8.840532e-02
749	8.852969e-02
750	8.865473e-02
751	8.878042e-02
752	8.890674e-02
753	8.903368e-02
754	8.916121e-02
755	8.928930e-02
756	8.941795e-02
757	8.954712e-02
758	8.967680e-02
759	8.980695e-02
760	8.993756e-02
761	9.006861e-02
762	9.020007e-02
763	9.033191e-02
764	9.046411e-02
765	9.059664e-02
766	9.072949e-02
767	9.086262e-02
768	9.099600e-02
769	9.112961e-02
770	9.126343e-02
771	9.139742e-02
772	9.153155e-02
773	9.166581e-02
774	9.180015e-02
775	9.193455e-02
776	9.206899e-02
777	9.220343e-02
778	9.233784e-02
779	9.247219e-02
780	9.260645e-02
781	9.274060e-02
782	9.287459e-02
783	9.300841e-02
784	9.314201e-02
785	9.327538e-02
786	9.340847e-02
787	9.354126e-02
788	9.367371e-02
789	9.380580e-02
790	9.393749e-02
791	9.406875e-02
792	9.419955e-02
793	9.432986e-02
794	9.445965e-02
795	9.458889e-02
796	9.471755e-02
797	9.484559e-02
798	9.497300e-02
799	9.509973e-02
800	9.522575e-02
801	9.535105e-02
802	9.547559e-02
803	9.559934e-02
804	9.572227e-02
805	9.584435e-02
806	9.596556e-02
807	9.608587e-02
808	9.620525e-02
809	9.632368e-02
810	9.644113e-02
811	9.655757e-02
812	9.667297e-02
813	9.678732e-02
814	9.690059e-02
815	9.701276e-02
816	9.712379e-02
817	9.723367e-02
818	9.734237e-02
819	9.744988e-02
820	9.755617e-02
821	9.766121e-02
822	9.776500e-02
823	9.786749e-02
824	9.796869e-02
825	9.806856e-02
826	9.816709e-02
827	9.826426e-02
828	9.836005e-02
829	9.845444e-02
830	9.854742e-02
831	9.863896e-02
832	9.872905e-02
833	9.881768e-02
834	9.890483e-02
835	9.899048e-02
836	9.907462e-02
837	9.915723e-02
838	9.923831e-02
839	9.931783e-02
840	9.939578e-02
841	9.947215e-02
842	9.954694e-02
843	9.962012e-02
844	9.969168e-02
845	9.976162e-02
846	9.982992e-02
847	9.989658e-02
848	9.996159e-02
849	1.000249e-01
850	1.000866e-01
851	1.001466e-01
852	1.002049e-01
853	1.002615e-01
854	1.003164e-01
855	1.003696e-01
856	1.004211e-01
857	1.004709e-01
858	1.005190e-01
859	1.005653e-01
860	1.006099e-01
861	1.006528e-01
862	1.006940e-01
863	1.007334e-01
864	1.007712e-01
865	1.008072e-01
866	1.008414e-01
867	1.008740e-01
868	1.009048e-01
869	1.009339e-01
870	1.009613e-01
871	1.009870e-01
872	1.010110e-01
873	1.010333e-01
874	1.010540e-01
875	1.010729e-01
876	1.010902e-01
877	1.011058e-01
878	1.011198e-01
879	1.011321e-01
880	1.011428e-01
881	1.011518e-01
882	1.011593e-01
883	1.011652e-01
884	1.011695e-01
885	1.011722e-01
886	1.011734e-01
887	1.011730e-01
888	1.011712e-01
889	1.011678e-01
890	1.011630e-01
891	1.011566e-01
892	1.011489e-01
893	1.011397e-01
894	1.011291e-01
895	1.011171e-01
896	1.011037e-01
897	1.010890e-01
898	1.010730e-01
899	1.010556e-01
900	1.010370e-01
901	1.010171e-01
902	1.009959e-01
903	1.009735e-01
904	1.009500e-01
905	1.009252e-01
906	1.008994e-01
907	1.008723e-01
908	1.008442e-01
909	1.008150e-01
910	1.007848e-01
911	1.007535e-01
912	1.007212e-01
913	1.006880e-01
914	1.006538e-01
915	1.006186e-01
916	1.005826e-01
917	1.005456e-01
918	1.005079e-01
919	1.004693e-01
920	1.004299e-01
921	1.003897e-01
922	1.003488e-01
923	1.003071e-01
924	1.002648e-01
925	1.002218e-01
926	1.001782e-01
927	1.001339e-01
928	1.000891e-01
929	1.000437e-01
930	9.999776e-02
931	9.995134e-02
932	9.990443e-02
933	9.985708e-02
934	9.980931e-02
935	9.976115e-02
936	9.971262e-02
937	9.966375e-02
938	9.961458e-02
939	9.956512e-02
940	9.951541e-02
941	9.946548e-02
942	9.941534e-02
943	9.936504e-02
944	9.931460e-02
945	9.926404e-02
946	9.921340e-02
947	9.916271e-02
948	9.911198e-02
949	9.906125e-02
950	9.901055e-02
951	9.895990e-02
952	9.890933e-02
953	9.885887e-02
954	9.880855e-02
955	9.875839e-02
956	9.870842e-02
957	9.865867e-02
958	9.860916e-02
959	9.855991e-02
960	9.851097e-02
961	9.846234e-02
962	9.841406e-02
963	9.836615e-02
964	9.831864e-02
965	9.827155e-02
966	9.822490e-02
967	9.817872e-02
968	9.813304e-02
969	9.808786e-02
970	9.804323e-02
971	9.799915e-02
972	9.795566e-02
973	9.791276e-02
974	9.787049e-02
975	9.782886e-02
976	9.778789e-02
977	9.774761e-02
978	9.770803e-02
979	9.766916e-02
980	9.763103e-02
981	9.759365e-02
982	9.755705e-02
983	9.752123e-02
984	9.748621e-02
985	9.745201e-02
986	9.741863e-02
987	9.738611e-02
988	9.735444e-02
989	9.732364e-02
990	9.729373e-02
991	9.726471e-02
992	9.723659e-02
993	9.720940e-02
994	9.718313e-02
995	9.715779e-02
996	9.713340e-02
997	9.710997e-02
998	9.708749e-02
999	9.706599e-02
1000	9.704546e-02
1001	9.702592e-02
1002	9.700736e-02
1003	9.698979e-02
1004	9.697323e-02
1005	9.695767e-02
1006	9.694311e-02
1007	9.692957e-02
1008	9.691704e-02
1009	9.690553e-02
1010	9.689503e-02
1011	9.688555e-02
1012	9.687710e-02
1013	9.686967e-02
1014	9.686325e-02
1015	9.685786e-02
1016	9.685349e-02
1017	9.685014e-02
1018	9.684781e-02
1019	9.684649e-02
1020	9.684619e-02
1021	9.684690e-02
1022	9.684861e-02
1023	9.685132e-02
1024	9.685504e-02
1025	9.685974e-02
1026	9.686544e-02
1027	9.687212e-02
1028	9.687977e-02
1029	9.688839e-02
1030	9.689797e-02
1031	9.690851e-02
1032	9.691999e-02
1033	9.693241e-02
1034	9.694576e-02
1035	9.696002e-02
1036	9.697519e-02
1037	9.699126e-02
1038	9.700822e-02
1039	9.702605e-02
1040	9.704474e-02
1041	9.706428e-02
1042	9.708466e-02
1043	9.710586e-02
1044	9.712787e-02
1045	9.715068e-02
1046	9.717427e-02
1047	9.719862e-02
1048	9.722372e-02
1049	9.724955e-02
1050	9.727610e-02
1051	9.730334e-02
1052	9.733127e-02
1053	9.735986e-02
1054	9.738910e-02
1055	9.741896e-02
1056	9.744943e-02
1057	9.748049e-02
1058	9.751212e-02
1059	9.754430e-02
1060	9.757700e-02
1061	9.761022e-02
1062	9.764392e-02
1063	9.767808e-02
1064	9.771269e-02
1065	9.774773e-02
1066	9.778316e-02
1067	9.781898e-02
1068	9.785515e-02
1069	9.789165e-02
1070	9.792847e-02
1071	9.796558e-02
1072	9.800295e-02
1073	9.804057e-02
1074	9.807841e-02
1075	9.811645e-02
1076	9.815466e-02
1077	9.819302e-02
1078	9.823152e-02
1079	9.827011e-02
1080	9.830879e-02
1081	9.834753e-02
1082	9.838631e-02
1083	9.842510e-02
1084	9.846388e-02
1085	9.850262e-02
1086	9.854131e-02
1087	9.857992e-02
1088	9.861843e-02
1089	9.865682e-02
1090	9.869505e-02
1091	9.873312e-02
1092	9.877100e-02
1093	9.880866e-02
1094	9.884608e-02
1095	9.888325e-02
1096	9.892013e-02
1097	9.895671e-02
1098	9.899297e-02
1099	9.902888e-02
1100	9.906443e-02
1101	9.909958e-02
1102	9.913433e-02
1103	9.916865e-02
1104	9.920251e-02
1105	9.923590e-02
1106	9.926880e-02
1107	9.930119e-02
1108	9.933304e-02
1109	9.936434e-02
1110	9.939507e-02
1111	9.942521e-02
1112	9.945473e-02
1113	9.948362e-02
1114	9.951187e-02
1115	9.953944e-02
1116	9.956632e-02
1117	9.959250e-02
1118	9.961796e-02
1119	9.964267e-02
1120	9.966663e-02
1121	9.968981e-02
1122	9.971219e-02
1123	9.973376e-02
1124	9.975451e-02
1125	9.977441e-02
1126	9.979345e-02
1127	9.981161e-02
1128	9.982888e-02
1129	9.984525e-02
1130	9.986070e-02
1131	9.987521e-02
1132	9.988877e-02
1133	9.990137e-02
1134	9.991299e-02
1135	9.992362e-02
1136	9.993325e-02
1137	9.994187e-02
1138	9.994946e-02
1139	9.995601e-02
1140	9.996152e-02
1141	9.996596e-02
1142	9.996934e-02
1143	9.997164e-02
1144	9.997286e-02
1145	9.997297e-02
1146	9.997199e-02
1147	9.996989e-02
1148	9.996667e-02
1149	9.996233e-02
1150	9.995686e-02
1151	9.995025e-02
1152	9.994250e-02
1153	9.993360e-02
1154	9.992354e-02
1155	9.991234e-02
1156	9.989997e-02
1157	9.988645e-02
1158	9.987176e-02
1159	9.985590e-02
1160	9.983888e-02
1161	9.982069e-02
1162	9.980133e-02
1163	9.978081e-02
1164	9.975912e-02
1165	9.973626e-02
1166	9.971224e-02
1167	9.968706e-02
1168	9.966072e-02
1169	9.963322e-02
1170	9.960457e-02
1171	9.957476e-02
1172	9.954382e-02
1173	9.951173e-02
1174	9.947851e-02
1175	9.944415e-02
1176	9.940867e-02
1177	9.937208e-02
1178	9.933437e-02
1179	9.929555e-02
1180	9.925564e-02
1181	9.921464e-02
1182	9.917255e-02
1183	9.912940e-02
1184	9.908517e-02
1185	9.903989e-02
1186	9.899357e-02
1187	9.894620e-02
1188	9.889781e-02
1189	9.884840e-02
1190	9.879799e-02
1191	9.874658e-02
1192	9.869418e-02
1193	9.864081e-02
1194	9.858648e-02
1195	9.853120e-02
1196	9.847498e-02
1197	9.841784e-02
1198	9.835978e-02
1199	9.830082e-02
1200	9.824098e-02
1201	9.818027e-02
1202	9.811870e-02
1203	9.805628e-02
1204	9.799303e-02
1205	9.792897e-02
1206	9.786411e-02
1207	9.779846e-02
1208	9.773204e-02
1209	9.766487e-02
1210	9.759696e-02
1211	9.752832e-02
1212	9.745898e-02
1213	9.738895e-02
1214	9.731824e-02
1215	9.724688e-02
1216	9.717488e-02
1217	9.710226e-02
1218	9.702904e-02
1219	9.695522e-02
1220	9.688084e-02
1221	9.680591e-02
1222	9.673045e-02
1223	9.665447e-02
1224	9.657800e-02
1225	9.650105e-02
1226	9.642365e-02
1227	9.634580e-02
1228	9.626754e-02
1229	9.618888e-02
1230	9.610983e-02
1231	9.603043e-02
1232	9.595068e-02
1233	9.587062e-02
1234	9.579025e-02
1235	9.570959e-02
1236	9.562868e-02
1237	9.554752e-02
1238	9.546614e-02
1239	9.538455e-02
1240	9.530278e-02
1241	9.522085e-02
1242	9.513877e-02
1243	9.505657e-02
1244	9.497426e-02
1245	9.489186e-02
1246	9.480940e-02
1247	9.472689e-02
1248	9.464435e-02
1249	9.456180e-02
1250	9.447926e-02
1251	9.439675e-02
1252	9.431429e-02
1253	9.423189e-02
1254	9.414957e-02
1255	9.406736e-02
1256	9.398526e-02
1257	9.390330e-02
1258	9.382150e-02
1259	9.373986e-02
1260	9.365842e-02
1261	9.357718e-02
1262	9.349616e-02
1263	9.341538e-02
1264	9.333486e-02
1265	9.325460e-02
1266	9.317463e-02
1267	9.309497e-02
1268	9.301561e-02
1269	9.293659e-02
1270	9.285792e-02
1271	9.277961e-02
1272	9.270167e-02
1273	9.262412e-02
1274	9.254697e-02
1275	9.247024e-02
1276	9.239393e-02
1277	9.231807e-02
1278	9.224266e-02
1279	9.216771e-02
1280	9.209325e-02
1281	9.201927e-02
1282	9.194580e-02
1283	9.187283e-02
1284	9.180039e-02
1285	9.172849e-02
1286	9.165713e-02
1287	9.158632e-02
1288	9.151608e-02
1289	9.144642e-02
1290	9.137733e-02
1291	9.130884e-02
1292	9.124095e-02
1293	9.117367e-02
1294	9.110701e-02
1295	9.104097e-02
1296	9.097556e-02
1297	9.091080e-02
1298	9.084668e-02
1299	9.078322e-02
1300	9.072041e-02
1301	9.065827e-02
1302	9.059681e-02
1303	9.053602e-02
1304	9.047591e-02
1305	9.041649e-02
1306	9.035777e-02
1307	9.029973e-02
1308	9.024240e-02
1309	9.018577e-02
1310	9.012985e-02
1311	9.007463e-02
1312	9.002012e-02
1313	8.996633e-02
1314	8.991325e-02
1315	8.986089e-02
1316	8.980924e-02
1317	8.975831e-02
1318	8.970810e-02
1319	8.965860e-02
1320	8.960982e-02
1321	8.956176e-02
1322	8.951441e-02
1323	8.946777e-02
1324	8.942184e-02
1325	8.937662e-02
1326	8.933210e-02
1327	8.928829e-02
1328	8.924518e-02
1329	8.920276e-02
1330	8.916103e-02
1331	8.911999e-02
1332	8.907963e-02
1333	8.903994e-02
1334	8.900093e-02
1335	8.896258e-02
1336	8.892488e-02
1337	8.888784e-02
1338	8.885145e-02
1339	8.881569e-02
1340	8.878056e-02
1341	8.874606e-02
1342	8.871216e-02
1343	8.867888e-02
1344	8.864619e-02
1345	8.861410e-02
1346	8.858258e-02
1347	8.855163e-02
1348	8.852125e-02
1349	8.849141e-02
1350	8.846212e-02
1351	8.843335e-02
1352	8.840511e-02
1353	8.837738e-02
1354	8.835014e-02
1355	8.832340e-02
1356	8.829713e-02
1357	8.827133e-02
1358	8.824598e-02
1359	8.822107e-02
1360	8.819660e-02
1361	8.817254e-02
1362	8.814889e-02
1363	8.812563e-02
1364	8.810276e-02
1365	8.808025e-02
1366	8.805810e-02
1367	8.803630e-02
1368	8.801483e-02
1369	8.799367e-02
1370	8.797282e-02
1371	8.795227e-02
1372	8.793199e-02
1373	8.791198e-02
1374	8.789222e-02
1375	8.787271e-02
1376	8.785341e-02
1377	8.783433e-02
1378	8.781545e-02
1379	8.779676e-02
1380	8.777823e-02
1381	8.775986e-02
1382	8.774164e-02
1383	8.772355e-02
1384	8.770557e-02
1385	8.768769e-02
1386	8.766991e-02
1387	8.765219e-02
1388	8.763454e-02
1389	8.761693e-02
1390	8.759935e-02
1391	8.758179e-02
1392	8.756424e-02
1393	8.754667e-02
1394	8.752908e-02
1395	8.751145e-02
1396	8.749377e-02
1397	8.747602e-02
1398	8.745819e-02
1399	8.744027e-02
1400	8.742223e-02
1401	8.740407e-02
1402	8.738578e-02
1403	8.736733e-02
1404	8.734872e-02
1405	8.732993e-02
1406	8.731095e-02
1407	8.729176e-02
1408	8.727236e-02
1409	8.725272e-02
1410	8.723283e-02
1411	8.721269e-02
1412	8.719227e-02
1413	8.717157e-02
1414	8.715057e-02
1415	8.712926e-02
1416	8.710762e-02
1417	8.708565e-02
1418	8.706333e-02
1419	8.704065e-02
1420	8.701760e-02
1421	8.699417e-02
1422	8.697034e-02
1423	8.694611e-02
1424	8.692146e-02
1425	8.689638e-02
1426	8.687086e-02
1427	8.684489e-02
1428	8.681846e-02
1429	8.679156e-02
1430	8.676419e-02
1431	8.673632e-02
1432	8.670796e-02
1433	8.667909e-02
1434	8.664970e-02
1435	8.661979e-02
1436	8.658934e-02
1437	8.655836e-02
1438	8.652682e-02
1439	8.649473e-02
1440	8.646208e-02
1441	8.642886e-02
1442	8.639506e-02
1443	8.636067e-02
1444	8.632570e-02
1445	8.629013e-02
1446	8.625396e-02
1447	8.621718e-02
1448	8.617979e-02
1449	8.614178e-02
1450	8.610315e-02
1451	8.606389e-02
1452	8.602401e-02
1453	8.598349e-02
1454	8.594233e-02
1455	8.590053e-02
1456	8.585809e-02
1457	8.581500e-02
1458	8.577127e-02
1459	8.572687e-02
1460	8.568183e-02
1461	8.563613e-02
1462	8.558977e-02
1463	8.554275e-02
1464	8.549508e-02
1465	8.544674e-02
1466	8.539774e-02
1467	8.534807e-02
1468	8.529775e-02
1469	8.524676e-02
1470	8.519511e-02
1471	8.514280e-02
1472	8.508983e-02
1473	8.503620e-02
1474	8.498190e-02
1475	8.492696e-02
1476	8.487135e-02
1477	8.481509e-02
1478	8.475818e-02
1479	8.470062e-02
1480	8.464241e-02
1481	8.458356e-02
1482	8.452407e-02
1483	8.446394e-02
1484	8.440317e-02
1485	8.434178e-02
1486	8.427976e-02
1487	8.421711e-02
1488	8.415385e-02
1489	8.408997e-02
1490	8.402548e-02
1491	8.396039e-02
1492	8.389470e-02
1493	8.382842e-02
1494	8.376155e-02
1495	8.369409e-02
1496	8.362607e-02
1497	8.355747e-02
1498	8.348831e-02
1499	8.341860e-02
1500	8.334833e-02
1501	8.327753e-02
1502	8.320619e-02
1503	8.313432e-02
1504	8.306194e-02
1505	8.298904e-02
1506	8.291564e-02
1507	8.284175e-02
1508	8.276738e-02
1509	8.269252e-02
1510	8.261720e-02
1511	8.254142e-02
1512	8.246519e-02
1513	8.238852e-02
1514	8.231141e-02
1515	8.223389e-02
1516	8.215596e-02
1517	8.207762e-02
1518	8.199890e-02
1519	8.191979e-02
1520	8.184031e-02
1521	8.176047e-02
1522	8.168028e-02
1523	8.159976e-02
1524	8.151890e-02
1525	8.143773e-02
1526	8.135625e-02
1527	8.127448e-02
1528	8.119242e-02
1529	8.111008e-02
1530	8.102749e-02
1531	8.094464e-02
1532	8.086155e-02
1533	8.077823e-02
1534	8.069470e-02
1535	8.061096e-02
1536	8.052702e-02
1537	8.044290e-02
1538	8.035861e-02
1539	8.027415e-02
1540	8.018955e-02
1541	8.010480e-02
1542	8.001993e-02
1543	7.993494e-02
1544	7.984985e-02
1545	7.976466e-02
1546	7.967939e-02
1547	7.959405e-02
1548	7.950864e-02
1549	7.942319e-02
1550	7.933769e-02
1551	7.925217e-02
1552	7.916663e-02
1553	7.908108e-02
1554	7.899554e-02
1555	7.891001e-02
1556	7.882451e-02
1557	7.873904e-02
1558	7.865362e-02
1559	7.856826e-02
1560	7.848296e-02
1561	7.839774e-02
1562	7.831261e-02
1563	7.822757e-02
1564	7.814264e-02
1565	7.805783e-02
1566	7.797315e-02
1567	7.788860e-02
1568	7.780420e-02
1569	7.771995e-02
1570	7.763588e-02
1571	7.755197e-02
1572	7.746825e-02
1573	7.738472e-02
1574	7.730140e-02
1575	7.721829e-02
1576	7.713539e-02
1577	7.705273e-02
1578	7.697030e-02
1579	7.688812e-02
1580	7.680620e-02
1581	7.672454e-02
1582	7.664315e-02
1583	7.656204e-02
1584	7.648121e-02
1585	7.640068e-02
1586	7.632045e-02
1587	7.624054e-02
1588	7.616094e-02
1589	7.608166e-02
1590	7.600272e-02
1591	7.592412e-02
1592	7.584586e-02
1593	7.576795e-02
1594	7.569040e-02
1595	7.561322e-02
1596	7.553640e-02
1597	7.545997e-02
1598	7.538391e-02
1599	7.530824e-02
1600	7.523297e-02
1601	7.515809e-02
1602	7.508362e-02
1603	7.500955e-02
1604	7.493590e-02
1605	7.486266e-02
1606	7.478984e-02
1607	7.471745e-02
1608	7.464548e-02
1609	7.457395e-02
1610	7.450285e-02
1611	7.443219e-02
1612	7.436197e-02
1613	7.429219e-02
1614	7.422286e-02
1615	7.415397e-02
1616	7.408554e-02
1617	7.401756e-02
1618	7.395002e-02
1619	7.388295e-02
1620	7.381633e-02
1621	7.375016e-02
1622	7.368446e-02
1623	7.361921e-02
1624	7.355442e-02
1625	7.349008e-02
1626	7.342620e-02
1627	7.336278e-02
1628	7.329982e-02
1629	7.323732e-02
1630	7.317526e-02
1631	7.311367e-02
1632	7.305252e-02
1633	7.299183e-02
1634	7.293159e-02
1635	7.287179e-02
1636	7.281244e-02
1637	7.275354e-02
1638	7.269508e-02
1639	7.263705e-02
1640	7.257947e-02
1641	7.252231e-02
1642	7.246559e-02
1643	7.240930e-02
1644	7.235343e-02
1645	7.229799e-02
1646	7.224296e-02
1647	7.218835e-02
1648	7.213415e-02
1649	7.208036e-02
1650	7.202697e-02
1651	7.197398e-02
1652	7.192139e-02
1653	7.186918e-02
1654	7.181737e-02
1655	7.176594e-02
1656	7.171488e-02
1657	7.166420e-02
1658	7.161388e-02
1659	7.156393e-02
1660	7.151434e-02
1661	7.146510e-02
1662	7.141621e-02
1663	7.136766e-02
1664	7.131945e-02
1665	7.127157e-02
1666	7.122402e-02
1667	7.117679e-02
1668	7.112987e-02
1669	7.108326e-02
1670	7.103695e-02
1671	7.099093e-02
1672	7.094521e-02
1673	7.089977e-02
1674	7.085461e-02
1675	7.080972e-02
1676	7.076509e-02
1677	7.072071e-02
1678	7.067659e-02
1679	7.063271e-02
1680	7.058907e-02
1681	7.054565e-02
1682	7.050246e-02
1683	7.045948e-02
1684	7.041671e-02
1685	7.037414e-02
1686	7.033176e-02
1687	7.028957e-02
1688	7.024755e-02
1689	7.020570e-02
1690	7.016401e-02
1691	7.012248e-02
1692	7.008110e-02
1693	7.003985e-02
1694	6.999873e-02
1695	6.995773e-02
1696	6.991685e-02
1697	6.987608e-02
1698	6.983541e-02
1699	6.979482e-02
1700	6.975432e-02
1701	6.971389e-02
1702	6.967353e-02
1703	6.963323e-02
1704	6.959298e-02
1705	6.955278e-02
1706	6.951261e-02
1707	6.947247e-02
1708	6.943234e-02
1709	6.939223e-02
1710	6.935213e-02
1711	6.931202e-02
1712	6.927190e-02
1713	6.923176e-02
1714	6.919160e-02
1715	6.915141e-02
1716	6.911117e-02
1717	6.907089e-02
1718	6.903056e-02
1719	6.899016e-02
1720	6.894970e-02
1721	6.890916e-02
1722	6.886854e-02
1723	6.882783e-02
1724	6.878703e-02
1725	6.874613e-02
1726	6.870512e-02
1727	6.866399e-02
1728	6.862275e-02
1729	6.858138e-02
1730	6.853989e-02
1731	6.849825e-02
1732	6.845647e-02
1733	6.841455e-02
1734	6.837247e-02
1735	6.833023e-02
1736	6.828782e-02
1737	6.824525e-02
1738	6.820250e-02
1739	6.815958e-02
1740	6.811646e-02
1741	6.807316e-02
1742	6.802967e-02
1743	6.798598e-02
1744	6.794208e-02
1745	6.789797e-02
1746	6.785366e-02
1747	6.780913e-02
1748	6.776438e-02
1749	6.771940e-02
1750	6.767419e-02
1751	6.762876e-02
1752	6.758309e-02
1753	6.753718e-02
1754	6.749102e-02
1755	6.744462e-02
1756	6.739797e-02
1757	6.735107e-02
1758	6.730391e-02
1759	6.725649e-02
1760	6.720881e-02
1761	6.716086e-02
1762	6.711264e-02
1763	6.706416e-02
1764	6.701540e-02
1765	6.696637e-02
1766	6.691705e-02
1767	6.686746e-02
1768	6.681759e-02
1769	6.676743e-02
1770	6.671699e-02
1771	6.666626e-02
1772	6.661524e-02
1773	6.656393e-02
1774	6.651233e-02
1775	6.646044e-02
1776	6.640825e-02
1777	6.635577e-02
1778	6.630299e-02
1779	6.624992e-02
1780	6.619655e-02
1781	6.614289e-02
1782	6.608893e-02
1783	6.603467e-02
1784	6.598012e-02
1785	6.592527e-02
1786	6.587013e-02
1787	6.581469e-02
1788	6.575896e-02
1789	6.570294e-02
1790	6.564662e-02
1791	6.559002e-02
1792	6.553313e-02
1793	6.547595e-02
1794	6.541849e-02
1795	6.536074e-02
1796	6.530271e-02
1797	6.524441e-02
1798	6.518582e-02
1799	6.512697e-02
1800	6.506784e-02
1801	6.500844e-02
1802	6.494878e-02
1803	6.488885e-02
1804	6.482866e-02
1805	6.476822e-02
1806	6.470752e-02
1807	6.464657e-02
1808	6.458537e-02
1809	6.452393e-02
1810	6.446225e-02
1811	6.440033e-02
1812	6.433818e-02
1813	6.427580e-02
1814	6.421319e-02
1815	6.415037e-02
1816	6.408732e-02
1817	6.402406e-02
1818	6.396060e-02
1819	6.389692e-02
1820	6.383305e-02
1821	6.376898e-02
1822	6.370472e-02
1823	6.364026e-02
1824	6.357563e-02
1825	6.351081e-02
1826	6.344582e-02
1827	6.338066e-02
1828	6.331533e-02
1829	6.324984e-02
1830	6.318419e-02
1831	6.311839e-02
1832	6.305244e-02
1833	6.298635e-02
1834	6.292012e-02
1835	6.285375e-02
1836	6.278725e-02
1837	6.272063e-02
1838	6.265389e-02
1839	6.258703e-02
1840	6.252007e-02
1841	6.245299e-02
1842	6.238582e-02
1843	6.231855e-02
1844	6.225119e-02
1845	6.218374e-02
1846	6.211621e-02
1847	6.204860e-02
1848	6.198093e-02
1849	6.191319e-02
1850	6.184538e-02
1851	6.177753e-02
1852	6.170962e-02
1853	6.164166e-02
1854	6.157367e-02
1855	6.150564e-02
1856	6.143759e-02
1857	6.136951e-02
1858	6.130141e-02
1859	6.123330e-02
1860	6.116518e-02
1861	6.109706e-02
1862	6.102894e-02
1863	6.096083e-02
1864	6.089273e-02
1865	6.082466e-02
1866	6.075660e-02
1867	6.068858e-02
1868	6.062060e-02
1869	6.055265e-02
1870	6.048476e-02
1871	6.041691e-02
1872	6.034912e-02
1873	6.028140e-02
1874	6.021374e-02
1875	6.014616e-02
1876	6.007865e-02
1877	6.001123e-02
1878	5.994389e-02
1879	5.987665e-02
1880	5.980950e-02
1881	5.974246e-02
1882	5.967553e-02
1883	5.960871e-02
1884	5.954200e-02
1885	5.947542e-02
1886	5.940897e-02
1887	5.934264e-02
1888	5.927645e-02
1889	5.921040e-02
1890	5.914449e-02
1891	5.907872e-02
1892	5.901311e-02
1893	5.894766e-02
1894	5.888236e-02
1895	5.881722e-02
1896	5.875225e-02
1897	5.868745e-02
1898	5.862282e-02
1899	5.855836e-02
1900	5.849409e-02
1901	5.842999e-02
1902	5.836608e-02
1903	5.830236e-02
1904	5.823883e-02
1905	5.817549e-02
1906	5.811234e-02
1907	5.804939e-02
1908	5.798664e-02
1909	5.792410e-02
1910	5.786176e-02
1911	5.779962e-02
1912	5.773770e-02
1913	5.767599e-02
1914	5.761448e-02
1915	5.755320e-02
1916	5.749213e-02
1917	5.743127e-02
1918	5.737064e-02
1919	5.731023e-02
1920	5.725004e-02
1921	5.719007e-02
1922	5.713034e-02
1923	5.707082e-02
1924	5.701154e-02
1925	5.695249e-02
1926	5.689366e-02
1927	5.683507e-02
1928	5.677671e-02
1929	5.671859e-02
1930	5.666070e-02
1931	5.660304e-02
1932	5.654562e-02
1933	5.648844e-02
1934	5.643150e-02
1935	5.637479e-02
1936	5.631832e-02
1937	5.626209e-02
1938	5.620611e-02
1939	5.615036e-02
1940	5.609485e-02
1941	5.603958e-02
1942	5.598455e-02
1943	5.592976e-02
1944	5.587521e-02
1945	5.582090e-02
1946	5.576683e-02
1947	5.571300e-02
1948	5.565941e-02
1949	5.560606e-02
1950	5.555294e-02
1951	5.550006e-02
1952	5.544741e-02
1953	5.539500e-02
1954	5.534283e-02
1955	5.529088e-02
1956	5.523917e-02
1957	5.518769e-02
1958	5.513643e-02
1959	5.508540e-02
1960	5.503460e-02
1961	5.498402e-02
1962	5.493366e-02
1963	5.488353e-02
1964	5.483360e-02
1965	5.478390e-02
1966	5.473441e-02
1967	5.468513e-02
1968	5.463605e-02
1969	5.458719e-02
1970	5.453852e-02
1971	5.449006e-02
1972	5.444180e-02
1973	5.439373e-02
1974	5.434585e-02
1975	5.429817e-02
1976	5.425067e-02
1977	5.420336e-02
1978	5.415623e-02
1979	5.410927e-02
1980	5.406249e-02
1981	5.401589e-02
1982	5.396945e-02
1983	5.392318e-02
1984	5.387707e-02
1985	5.383112e-02
1986	5.378532e-02
1987	5.373968e-02
1988	5.369419e-02
1989	5.364885e-02
1990	5.360365e-02
1991	5.355858e-02
1992	5.351366e-02
1993	5.346887e-02
1994	5.342421e-02
1995	5.337967e-02
1996	5.333526e-02
1997	5.329097e-02
1998	5.324680e-02
1999	5.320274e-02
2000	5.315879e-02
2001	5.311495e-02
2002	5.307122e-02
2003	5.302758e-02
2004	5.298404e-02
2005	5.294060e-02
2006	5.289725e-02
2007	5.285398e-02
2008	5.281080e-02
2009	5.276771e-02
2010	5.272469e-02
2011	5.268174e-02
2012	5.263887e-02
2013	5.259607e-02
2014	5.255334e-02
2015	5.251066e-02
2016	5.246805e-02
2017	5.242549e-02
2018	5.238299e-02
2019	5.234053e-02
2020	5.229812e-02
2021	5.225576e-02
2022	5.221343e-02
2023	5.217115e-02
2024	5.212889e-02
2025	5.208667e-02
2026	5.204448e-02
2027	5.200230e-02
2028	5.196015e-02
2029	5.191802e-02
2030	5.187590e-02
2031	5.183380e-02
2032	5.179170e-02
2033	5.174960e-02
2034	5.170751e-02
2035	5.166542e-02
2036	5.162332e-02
2037	5.158121e-02
2038	5.153909e-02
2039	5.149696e-02
2040	5.145481e-02
2041	5.141265e-02
2042	5.137045e-02
2043	5.132824e-02
2044	5.128599e-02
2045	5.124371e-02
2046	5.120140e-02
2047	5.115905e-02
2048	5.111665e-02
2049	5.107422e-02
2050	5.103174e-02
2051	5.098921e-02
2052	5.094663e-02
2053	5.090399e-02
2054	5.086130e-02
2055	5.081855e-02
2056	5.077574e-02
2057	5.073287e-02
2058	5.068993e-02
2059	5.064693e-02
2060	5.060386e-02
2061	5.056071e-02
2062	5.051749e-02
2063	5.047420e-02
2064	5.043083e-02
2065	5.038738e-02
2066	5.034385e-02
2067	5.030025e-02
2068	5.025655e-02
2069	5.021278e-02
2070	5.016892e-02
2071	5.012497e-02
2072	5.008094e-02
2073	5.003681e-02
2074	4.999260e-02
2075	4.994829e-02
2076	4.990390e-02
2077	4.985941e-02
2078	4.981483e-02
2079	4.977015e-02
2080	4.972538e-02
2081	4.968052e-02
2082	4.963556e-02
2083	4.959050e-02
2084	4.954535e-02
2085	4.950010e-02
2086	4.945475e-02
2087	4.940931e-02
2088	4.936377e-02
2089	4.931813e-02
2090	4.927239e-02
2091	4.922656e-02
2092	4.918062e-02
2093	4.913459e-02
2094	4.908847e-02
2095	4.904224e-02
2096	4.899591e-02
2097	4.894949e-02
2098	4.890297e-02
2099	4.885636e-02
2100	4.880964e-02
2101	4.876283e-02
2102	4.871593e-02
2103	4.866893e-02
2104	4.862183e-02
2105	4.857464e-02
2106	4.852735e-02
2107	4.847997e-02
2108	4.843249e-02
2109	4.838492e-02
2110	4.833726e-02
2111	4.828951e-02
2112	4.824167e-02
2113	4.819373e-02
2114	4.814571e-02
2115	4.809760e-02
2116	4.804940e-02
2117	4.800111e-02
2118	4.795274e-02
2119	4.790429e-02
2120	4.785575e-02
2121	4.780712e-02
2122	4.775842e-02
2123	4.770964e-02
2124	4.766077e-02
2125	4.761183e-02
2126	4.756282e-02
2127	4.751373e-02
2128	4.746457e-02
2129	4.741533e-02
2130	4.736603e-02
2131	4.731665e-02
2132	4.726721e-02
2133	4.721771e-02
2134	4.716814e-02
2135	4.711852e-02
2136	4.706883e-02
2137	4.701908e-02
2138	4.696928e-02
2139	4.691943e-02
2140	4.686952e-02
2141	4.681957e-02
2142	4.676957e-02
2143	4.671952e-02
2144	4.666943e-02
2145	4.661930e-02
2146	4.656914e-02
2147	4.651893e-02
2148	4.646869e-02
2149	4.641842e-02
2150	4.636813e-02
2151	4.631780e-02
2152	4.626745e-02
2153	4.621708e-02
2154	4.616669e-02
2155	4.611628e-02
2156	4.606585e-02
2157	4.601541e-02
2158	4.596497e-02
2159	4.591451e-02
2160	4.586405e-02
2161	4.581359e-02
2162	4.576312e-02
2163	4.571266e-02
2164	4.566220e-02
2165	4.561174e-02
2166	4.556130e-02
2167	4.551086e-02
2168	4.546044e-02
2169	4.541004e-02
2170	4.535965e-02
2171	4.530928e-02
2172	4.525893e-02
2173	4.520861e-02
2174	4.515831e-02
2175	4.510805e-02
2176	4.505781e-02
2177	4.500761e-02
2178	4.495744e-02
2179	4.490731e-02
2180	4.485722e-02
2181	4.480716e-02
2182	4.475716e-02
2183	4.470719e-02
2184	4.465728e-02
2185	4.460741e-02
2186	4.455760e-02
2187	4.450784e-02
2188	4.445813e-02
2189	4.440848e-02
2190	4.435889e-02
2191	4.430936e-02
2192	4.425990e-02
2193	4.421050e-02
2194	4.416116e-02
2195	4.411189e-02
2196	4.406270e-02
2197	4.401357e-02
2198	4.396452e-02
2199	4.391555e-02
2200	4.386665e-02
2201	4.381783e-02
2202	4.376909e-02
2203	4.372044e-02
2204	4.367187e-02
2205	4.362338e-02
2206	4.357499e-02
2207	4.352668e-02
2208	4.347846e-02
2209	4.343034e-02
2210	4.338230e-02
2211	4.333437e-02
2212	4.328653e-02
2213	4.323879e-02
2214	4.319115e-02
2215	4.314362e-02
2216	4.309618e-02
2217	4.304885e-02
2218	4.300163e-02
2219	4.295451e-02
2220	4.290751e-02
2221	4.286061e-02
2222	4.281382e-02
2223	4.276715e-02
2224	4.272059e-02
2225	4.267414e-02
2226	4.262781e-02
2227	4.258160e-02
2228	4.253551e-02
2229	4.248953e-02
2230	4.244367e-02
2231	4.239794e-02
2232	4.235233e-02
2233	4.230684e-02
2234	4.226147e-02
2235	4.221622e-02
2236	4.217111e-02
2237	4.212611e-02
2238	4.208125e-02
2239	4.203650e-02
2240	4.199189e-02
2241	4.194740e-02
2242	4.190305e-02
2243	4.185881e-02
2244	4.181471e-02
2245	4.177074e-02
2246	4.172690e-02
2247	4.168318e-02
2248	4.163959e-02
2249	4.159614e-02
2250	4.155281e-02
2251	4.150961e-02
2252	4.146654e-02
2253	4.142360e-02
2254	4.138079e-02
2255	4.133811e-02
2256	4.129556e-02
2257	4.125313e-02
2258	4.121083e-02
2259	4.116866e-02
2260	4.112662e-02
2261	4.108471e-02
2262	4.104292e-02
2263	4.100126e-02
2264	4.095972e-02
2265	4.091831e-02
2266	4.087702e-02
2267	4.083586e-02
2268	4.079482e-02
2269	4.075390e-02
2270	4.071310e-02
2271	4.067243e-02
2272	4.063188e-02
2273	4.059144e-02
2274	4.055113e-02
2275	4.051093e-02
2276	4.047085e-02
2277	4.043089e-02
2278	4.039105e-02
2279	4.035132e-02
2280	4.031171e-02
2281	4.027220e-02
2282	4.023282e-02
2283	4.019354e-02
2284	4.015437e-02
2285	4.011532e-02
2286	4.007637e-02
2287	4.003753e-02
2288	3.999880e-02
2289	3.996018e-02
2290	3.992166e-02
2291	3.988325e-02
2292	3.984493e-02
2293	3.980673e-02
2294	3.976862e-02
2295	3.973061e-02
2296	3.969270e-02
2297	3.965489e-02
2298	3.961718e-02
2299	3.957956e-02
2300	3.954204e-02
2301	3.950461e-02
2302	3.946727e-02
2303	3.943003e-02
2304	3.939287e-02
2305	3.935580e-02
2306	3.931882e-02
2307	3.928193e-02
2308	3.924512e-02
2309	3.920840e-02
2310	3.917176e-02
2311	3.913519e-02
2312	3.909871e-02
2313	3.906231e-02
2314	3.902598e-02
2315	3.898973e-02
2316	3.895355e-02
2317	3.891745e-02
2318	3.888142e-02
2319	3.884545e-02
2320	3.880956e-02
2321	3.877373e-02
2322	3.873796e-02
2323	3.870226e-02
2324	3.866663e-02
2325	3.863105e-02
2326	3.859553e-02
2327	3.856007e-02
2328	3.852466e-02
2329	3.848931e-02
2330	3.845401e-02
2331	3.841877e-02
2332	3.838357e-02
2333	3.834842e-02
2334	3.831332e-02
2335	3.827826e-02
2336	3.824324e-02
2337	3.820827e-02
2338	3.817334e-02
2339	3.813845e-02
2340	3.810359e-02
2341	3.806877e-02
2342	3.803398e-02
2343	3.799923e-02
2344	3.796451e-02
2345	3.792982e-02
2346	3.789515e-02
2347	3.786052e-02
2348	3.782591e-02
2349	3.779132e-02
2350	3.775676e-02
2351	3.772222e-02
2352	3.768771e-02
2353	3.765321e-02
2354	3.761873e-02
2355	3.758426e-02
2356	3.754982e-02
2357	3.751538e-02
2358	3.748097e-02
2359	3.744656e-02
2360	3.741217e-02
2361	3.737778e-02
2362	3.734341e-02
2363	3.730905e-02
2364	3.727469e-02
2365	3.724034e-02
2366	3.720600e-02
2367	3.717166e-02
2368	3.713733e-02
2369	3.710300e-02
2370	3.706868e-02
2371	3.703435e-02
2372	3.700003e-02
2373	3.696571e-02
2374	3.693139e-02
2375	3.689706e-02
2376	3.686274e-02
2377	3.682841e-02
2378	3.679408e-02
2379	3.675975e-02
2380	3.672542e-02
2381	3.669107e-02
2382	3.665673e-02
2383	3.662237e-02
2384	3.658801e-02
2385	3.655365e-02
2386	3.651927e-02
2387	3.648489e-02
2388	3.645049e-02
2389	3.641609e-02
2390	3.638168e-02
2391	3.634726e-02
2392	3.631282e-02
2393	3.627838e-02
2394	3.624392e-02
2395	3.620944e-02
2396	3.617496e-02
2397	3.614046e-02
2398	3.610595e-02
2399	3.607142e-02
2400	3.603688e-02
2401	3.600232e-02
2402	3.596774e-02
2403	3.593315e-02
2404	3.589854e-02
2405	3.586391e-02
2406	3.582927e-02
2407	3.579461e-02
2408	3.575993e-02
2409	3.572523e-02
2410	3.569052e-02
2411	3.565578e-02
2412	3.562103e-02
2413	3.558625e-02
2414	3.555146e-02
2415	3.551665e-02
2416	3.548182e-02
2417	3.544697e-02
2418	3.541210e-02
2419	3.537721e-02
2420	3.534230e-02
2421	3.530737e-02
2422	3.527243e-02
2423	3.523746e-02
2424	3.520248e-02
2425	3.516748e-02
2426	3.513246e-02
2427	3.509743e-02
2428	3.506238e-02
2429	3.502731e-02
2430	3.499223e-02
2431	3.495713e-02
2432	3.492201e-02
2433	3.488688e-02
2434	3.485174e-02
2435	3.481658e-02
2436	3.478142e-02
2437	3.474624e-02
2438	3.471104e-02
2439	3.467584e-02
2440	3.464063e-02
2441	3.460541e-02
2442	3.457018e-02
2443	3.453494e-02
2444	3.449969e-02
2445	3.446444e-02
2446	3.442919e-02
2447	3.439392e-02
2448	3.435866e-02
2449	3.432339e-02
2450	3.428812e-02
2451	3.425284e-02
2452	3.421757e-02
2453	3.418229e-02
2454	3.414702e-02
2455	3.411174e-02
2456	3.407647e-02
2457	3.404120e-02
2458	3.400593e-02
2459	3.397067e-02
2460	3.393541e-02
2461	3.390016e-02
2462	3.386491e-02
2463	3.382967e-02
2464	3.379443e-02
2465	3.375920e-02
2466	3.372399e-02
2467	3.368878e-02
2468	3.365358e-02
2469	3.361839e-02
2470	3.358321e-02
2471	3.354804e-02
2472	3.351289e-02
2473	3.347774e-02
2474	3.344261e-02
2475	3.340750e-02
2476	3.337240e-02
2477	3.333731e-02
2478	3.330224e-02
2479	3.326719e-02
2480	3.323215e-02
2481	3.319713e-02
2482	3.316213e-02
2483	3.312715e-02
2484	3.309219e-02
2485	3.305725e-02
2486	3.302233e-02
2487	3.298743e-02
2488	3.295256e-02
2489	3.291771e-02
2490	3.288288e-02
2491	3.284808e-02
2492	3.281331e-02
2493	3.277856e-02
2494	3.274384e-02
2495	3.270915e-02
2496	3.267449e-02
2497	3.263986e-02
2498	3.260526e-02
2499	3.257070e-02
2500	3.253616e-02
2501	3.250167e-02
2502	3.246720e-02
2503	3.243278e-02
2504	3.239839e-02
2505	3.236404e-02
2506	3.232973e-02
2507	3.229545e-02
2508	3.226122e-02
2509	3.222703e-02
2510	3.219289e-02
2511	3.215879e-02
2512	3.212473e-02
2513	3.209072e-02
2514	3.205675e-02
2515	3.202284e-02
2516	3.198897e-02
2517	3.195515e-02
2518	3.192138e-02
2519	3.188766e-02
2520	3.185399e-02
2521	3.182037e-02
2522	3.178680e-02
2523	3.175329e-02
2524	3.171984e-02
2525	3.168643e-02
2526	3.165308e-02
2527	3.161979e-02
2528	3.158655e-02
2529	3.155337e-02
2530	3.152025e-02
2531	3.148718e-02
2532	3.145417e-02
2533	3.142122e-02
2534	3.138833e-02
2535	3.135549e-02
2536	3.132272e-02
2537	3.129000e-02
2538	3.125734e-02
2539	3.122474e-02
2540	3.119220e-02
2541	3.115972e-02
2542	3.112730e-02
2543	3.109494e-02
2544	3.106264e-02
2545	3.103040e-02
2546	3.099822e-02
2547	3.096610e-02
2548	3.093404e-02
2549	3.090204e-02
2550	3.087010e-02
2551	3.083822e-02
2552	3.080641e-02
2553	3.077465e-02
2554	3.074295e-02
2555	3.071132e-02
2556	3.067975e-02
2557	3.064824e-02
2558	3.061679e-02
2559	3.058540e-02
2560	3.055407e-02
2561	3.052280e-02
2562	3.049160e-02
2563	3.046046e-02
2564	3.042938e-02
2565	3.039837e-02
2566	3.036741e-02
2567	3.033652e-02
2568	3.030569e-02
2569	3.027493e-02
2570	3.024423e-02
2571	3.021359e-02
2572	3.018301e-02
2573	3.015250e-02
2574	3.012205e-02
2575	3.009167e-02
2576	3.006135e-02
2577	3.003110e-02
2578	3.000091e-02
2579	2.997078e-02
2580	2.994072e-02
2581	2.991072e-02
2582	2.988079e-02
2583	2.985092e-02
2584	2.982112e-02
2585	2.979138e-02
2586	2.976171e-02
2587	2.973210e-02
2588	2.970255e-02
2589	2.967307e-02
2590	2.964365e-02
2591	2.961430e-02
2592	2.958501e-02
2593	2.955578e-02
2594	2.952662e-02
2595	2.949751e-02
2596	2.946847e-02
2597	2.943950e-02
2598	2.941058e-02
2599	2.938172e-02
2600	2.935293e-02
2601	2.932419e-02
2602	2.929551e-02
2603	2.926689e-02
2604	2.923833e-02
2605	2.920983e-02
2606	2.918138e-02
2607	2.915299e-02
2608	2.912466e-02
2609	2.909638e-02
2610	2.906816e-02
2611	2.903999e-02
2612	2.901187e-02
2613	2.898380e-02
2614	2.895579e-02
2615	2.892783e-02
2616	2.889992e-02
2617	2.887206e-02
2618	2.884424e-02
2619	2.881648e-02
2620	2.878876e-02
2621	2.876109e-02
2622	2.873347e-02
2623	2.870590e-02
2624	2.867837e-02
2625	2.865088e-02
2626	2.862344e-02
2627	2.859605e-02
2628	2.856869e-02
2629	2.854138e-02
2630	2.851412e-02
2631	2.848689e-02
2632	2.845971e-02
2633	2.843256e-02
2634	2.840546e-02
2635	2.837840e-02
2636	2.835138e-02
2637	2.832440e-02
2638	2.829746e-02
2639	2.827056e-02
2640	2.824369e-02
2641	2.821687e-02
2642	2.819008e-02
2643	2.816333e-02
2644	2.813662e-02
2645	2.810995e-02
2646	2.808331e-02
2647	2.805671e-02
2648	2.803014e-02
2649	2.800361e-02
2650	2.797712e-02
2651	2.795066e-02
2652	2.792424e-02
2653	2.789785e-02
2654	2.787149e-02
2655	2.784517e-02
2656	2.781888e-02
2657	2.779262e-02
2658	2.776640e-02
2659	2.774021e-02
2660	2.771405e-02
2661	2.768792e-02
2662	2.766182e-02
2663	2.763575e-02
2664	2.760971e-02
2665	2.758370e-02
2666	2.755772e-02
2667	2.753176e-02
2668	2.750583e-02
2669	2.747993e-02
2670	2.745405e-02
2671	2.742820e-02
2672	2.740237e-02
2673	2.737657e-02
2674	2.735079e-02
2675	2.732504e-02
2676	2.729930e-02
2677	2.727359e-02
2678	2.724790e-02
2679	2.722222e-02
2680	2.719657e-02
2681	2.717094e-02
2682	2.714532e-02
2683	2.711973e-02
2684	2.709415e-02
2685	2.706859e-02
2686	2.704304e-02
2687	2.701751e-02
2688	2.699199e-02
2689	2.696649e-02
2690	2.694101e-02
2691	2.691554e-02
2692	2.689008e-02
2693	2.686463e-02
2694	2.683920e-02
2695	2.681378e-02
2696	2.678838e-02
2697	2.676298e-02
2698	2.673760e-02
2699	2.671223e-02
2700	2.668687e-02
2701	2.666153e-02
2702	2.663619e-02
2703	2.661087e-02
2704	2.658556e-02
2705	2.656025e-02
2706	2.653496e-02
2707	2.650968e-02
2708	2.648442e-02
2709	2.645916e-02
2710	2.643391e-02
2711	2.640868e-02
2712	2.638345e-02
2713	2.635824e-02
2714	2.633304e-02
2715	2.630785e-02
2716	2.628267e-02
2717	2.625750e-02
2718	2.623235e-02
2719	2.620720e-02
2720	2.618207e-02
2721	2.615695e-02
2722	2.613184e-02
2723	2.610674e-02
2724	2.608165e-02
2725	2.605658e-02
2726	2.603151e-02
2727	2.600646e-02
2728	2.598142e-02
2729	2.595639e-02
2730	2.593137e-02
2731	2.590637e-02
2732	2.588137e-02
2733	2.585639e-02
2734	2.583142e-02
2735	2.580646e-02
2736	2.578151e-02
2737	2.575657e-02
2738	2.573164e-02
2739	2.570673e-02
2740	2.568182e-02
2741	2.565692e-02
2742	2.563204e-02
2743	2.560717e-02
2744	2.558230e-02
2745	2.555745e-02
2746	2.553261e-02
2747	2.550777e-02
2748	2.548295e-02
2749	2.545814e-02
2750	2.543333e-02
2751	2.540854e-02
2752	2.538376e-02
2753	2.535898e-02
2754	2.533422e-02
2755	2.530947e-02
2756	2.528473e-02
2757	2.525999e-02
2758	2.523527e-02
2759	2.521056e-02
2760	2.518586e-02
2761	2.516116e-02
2762	2.513648e-02
2763	2.511181e-02
2764	2.508716e-02
2765	2.506251e-02
2766	2.503787e-02
2767	2.501325e-02
2768	2.498864e-02
2769	2.496404e-02
2770	2.493945e-02
2771	2.491488e-02
2772	2.489032e-02
2773	2.486577e-02
2774	2.484124e-02
2775	2.481672e-02
2776	2.479222e-02
2777	2.476773e-02
2778	2.474326e-02
2779	2.471881e-02
2780	2.469437e-02
2781	2.466994e-02
2782	2.464554e-02
2783	2.462115e-02
2784	2.459678e-02
2785	2.457243e-02
2786	2.454810e-02
2787	2.452379e-02
2788	2.449949e-02
2789	2.447522e-02
2790	2.445097e-02
2791	2.442673e-02
2792	2.440252e-02
2793	2.437833e-02
2794	2.435416e-02
2795	2.433002e-02
2796	2.430589e-02
2797	2.428179e-02
2798	2.425771e-02
2799	2.423365e-02
2800	2.420962e-02
2801	2.418561e-02
2802	2.416162e-02
2803	2.413766e-02
2804	2.411372e-02
2805	2.408981e-02
2806	2.406592e-02
2807	2.404206e-02
2808	2.401821e-02
2809	2.399440e-02
2810	2.397061e-02
2811	2.394684e-02
2812	2.392310e-02
2813	2.389939e-02
2814	2.387570e-02
2815	2.385203e-02
2816	2.382840e-02
2817	2.380478e-02
2818	2.378120e-02
2819	2.375764e-02
2820	2.373410e-02
2821	2.371060e-02
2822	2.368711e-02
2823	2.366366e-02
2824	2.364023e-02
2825	2.361683e-02
2826	2.359346e-02
2827	2.357012e-02
2828	2.354680e-02
2829	2.352351e-02
2830	2.350025e-02
2831	2.347701e-02
2832	2.345381e-02
2833	2.343063e-02
2834	2.340748e-02
2835	2.338437e-02
2836	2.336128e-02
2837	2.333822e-02
2838	2.331519e-02
2839	2.329219e-02
2840	2.326922e-02
2841	2.324628e-02
2842	2.322337e-02
2843	2.320050e-02
2844	2.317765e-02
2845	2.315484e-02
2846	2.313206e-02
2847	2.310931e-02
2848	2.308660e-02
2849	2.306392e-02
2850	2.304127e-02
2851	2.301865e-02
2852	2.299607e-02
2853	2.297352e-02
2854	2.295100e-02
2855	2.292852e-02
2856	2.290608e-02
2857	2.288367e-02
2858	2.286129e-02
2859	2.283895e-02
2860	2.281664e-02
2861	2.279437e-02
2862	2.277214e-02
2863	2.274994e-02
2864	2.272777e-02
2865	2.270564e-02
2866	2.268355e-02
2867	2.266149e-02
2868	2.263947e-02
2869	2.261748e-02
2870	2.259553e-02
2871	2.257362e-02
2872	2.255174e-02
2873	2.252990e-02
2874	2.250810e-02
2875	2.248633e-02
2876	2.246459e-02
2877	2.244289e-02
2878	2.242123e-02
2879	2.239961e-02
2880	2.237802e-02
2881	2.235646e-02
2882	2.233494e-02
2883	2.231346e-02
2884	2.229201e-02
2885	2.227059e-02
2886	2.224922e-02
2887	2.222787e-02
2888	2.220656e-02
2889	2.218529e-02
2890	2.216405e-02
2891	2.214285e-02
2892	2.212168e-02
2893	2.210054e-02
2894	2.207944e-02
2895	2.205838e-02
2896	2.203735e-02
2897	2.201635e-02
2898	2.199538e-02
2899	2.197445e-02
2900	2.195356e-02
2901	2.193270e-02
2902	2.191187e-02
2903	2.189107e-02
2904	2.187031e-02
2905	2.184958e-02
2906	2.182889e-02
2907	2.180823e-02
2908	2.178760e-02
2909	2.176701e-02
2910	2.174645e-02
2911	2.172592e-02
2912	2.170542e-02
2913	2.168496e-02
2914	2.166453e-02
2915	2.164413e-02
2916	2.162377e-02
2917	2.160344e-02
2918	2.158314e-02
2919	2.156287e-02
2920	2.154264e-02
2921	2.152243e-02
2922	2.150226e-02
2923	2.148213e-02
2924	2.146202e-02
2925	2.144195e-02
2926	2.142190e-02
2927	2.140189e-02
2928	2.138191e-02
2929	2.136197e-02
2930	2.134205e-02
2931	2.132216e-02
2932	2.130231e-02
2933	2.128248e-02
2934	2.126269e-02
2935	2.124293e-02
2936	2.122320e-02
2937	2.120349e-02
2938	2.118382e-02
2939	2.116418e-02
2940	2.114456e-02
2941	2.112498e-02
2942	2.110543e-02
2943	2.108590e-02
2944	2.106640e-02
2945	2.104694e-02
2946	2.102750e-02
2947	2.100809e-02
2948	2.098870e-02
2949	2.096935e-02
2950	2.095002e-02
2951	2.093072e-02
2952	2.091145e-02
2953	2.089220e-02
2954	2.087298e-02
2955	2.085378e-02
2956	2.083462e-02
2957	2.081548e-02
2958	2.079636e-02
2959	2.077727e-02
2960	2.075821e-02
2961	2.073917e-02
2962	2.072015e-02
2963	2.070116e-02
2964	2.068219e-02
2965	2.066325e-02
2966	2.064433e-02
2967	2.062544e-02
2968	2.060657e-02
2969	2.058772e-02
2970	2.056890e-02
2971	2.055010e-02
2972	2.053132e-02
2973	2.051256e-02
2974	2.049382e-02
2975	2.047511e-02
2976	2.045642e-02
2977	2.043775e-02
2978	2.041910e-02
2979	2.040047e-02
2980	2.038187e-02
2981	2.036328e-02
2982	2.034472e-02
2983	2.032617e-02
2984	2.030765e-02
2985	2.028914e-02
2986	2.027066e-02
2987	2.025219e-02
2988	2.023375e-02
2989	2.021532e-02
2990	2.019692e-02
2991	2.017853e-02
2992	2.016016e-02
2993	2.014181e-02
2994	2.012348e-02
2995	2.010516e-02
2996	2.008687e-02
2997	2.006859e-02
2998	2.005034e-02
2999	2.003210e-02
3000	2.001387e-02
3001	1.999567e-02
3002	1.997748e-02
3003	1.995931e-02
3004	1.994116e-02
3005	1.992303e-02
3006	1.990491e-02
3007	1.988682e-02
3008	1.986873e-02
3009	1.985067e-02
3010	1.983262e-02
3011	1.981459e-02
3012	1.979658e-02
3013	1.977858e-02
3014	1.976060e-02
3015	1.974264e-02
3016	1.972470e-02
3017	1.970677e-02
3018	1.968885e-02
3019	1.967096e-02
3020	1.965308e-02
3021	1.963521e-02
3022	1.961736e-02
3023	1.959953e-02
3024	1.958172e-02
3025	1.956392e-02
3026	1.954613e-02
3027	1.952836e-02
3028	1.951061e-02
3029	1.949287e-02
3030	1.947515e-02
3031	1.945744e-02
3032	1.943975e-02
3033	1.942208e-02
3034	1.940441e-02
3035	1.938677e-02
3036	1.936913e-02
3037	1.935152e-02
3038	1.933391e-02
3039	1.931632e-02
3040	1.929875e-02
3041	1.928119e-02
3042	1.926364e-02
3043	1.924611e-02
3044	1.922859e-02
3045	1.921108e-02
3046	1.919359e-02
3047	1.917611e-02
3048	1.915865e-02
3049	1.914119e-02
3050	1.912375e-02
3051	1.910633e-02
3052	1.908891e-02
3053	1.907151e-02
3054	1.905413e-02
3055	1.903675e-02
3056	1.901939e-02
3057	1.900204e-02
3058	1.898471e-02
3059	1.896739e-02
3060	1.895008e-02
3061	1.893278e-02
3062	1.891549e-02
3063	1.889822e-02
3064	1.888096e-02
3065	1.886372e-02
3066	1.884649e-02
3067	1.882927e-02
3068	1.881206e-02
3069	1.879487e-02
3070	1.877769e-02
3071	1.876053e-02
3072	1.874337e-02
3073	1.872624e-02
3074	1.870911e-02
3075	1.869200e-02
3076	1.867491e-02
3077	1.865782e-02
3078	1.864076e-02
3079	1.862370e-02
3080	1.860667e-02
3081	1.858964e-02
3082	1.857264e-02
3083	1.855564e-02
3084	1.853867e-02
3085	1.852170e-02
3086	1.850476e-02
3087	1.848782e-02
3088	1.847091e-02
3089	1.845401e-02
3090	1.843712e-02
3091	1.842026e-02
3092	1.840340e-02
3093	1.838657e-02
3094	1.836975e-02
3095	1.835294e-02
3096	1.833615e-02
3097	1.831938e-02
3098	1.830263e-02
3099	1.828589e-02
3100	1.826916e-02
3101	1.825246e-02
3102	1.823577e-02
3103	1.821909e-02
3104	1.820243e-02
3105	1.818579e-02
3106	1.816916e-02
3107	1.815255e-02
3108	1.813596e-02
3109	1.811938e-02
3110	1.810282e-02
3111	1.808627e-02
3112	1.806974e-02
3113	1.805322e-02
3114	1.803673e-02
3115	1.802024e-02
3116	1.800377e-02
3117	1.798732e-02
3118	1.797088e-02
3119	1.795446e-02
3120	1.793806e-02
3121	1.792167e-02
3122	1.790529e-02
3123	1.788893e-02
3124	1.787259e-02
3125	1.785626e-02
3126	1.783995e-02
3127	1.782365e-02
3128	1.780737e-02
3129	1.779110e-02
3130	1.777485e-02
3131	1.775862e-02
3132	1.774240e-02
3133	1.772620e-02
3134	1.771002e-02
3135	1.769385e-02
3136	1.767770e-02
3137	1.766157e-02
3138	1.764545e-02
3139	1.762935e-02
3140	1.761327e-02
3141	1.759720e-02
3142	1.758116e-02
3143	1.756513e-02
3144	1.754912e-02
3145	1.753313e-02
3146	1.751715e-02
3147	1.750120e-02
3148	1.748526e-02
3149	1.746935e-02
3150	1.745345e-02
3151	1.743757e-02
3152	1.742171e-02
3153	1.740588e-02
3154	1.739006e-02
3155	1.737426e-02
3156	1.735848e-02
3157	1.734273e-02
3158	1.732699e-02
3159	1.731127e-02
3160	1.729558e-02
3161	1.727990e-02
3162	1.726425e-02
3163	1.724862e-02
3164	1.723300e-02
3165	1.721741e-02
3166	1.720184e-02
3167	1.718629e-02
3168	1.717076e-02
3169	1.715525e-02
3170	1.713976e-02
3171	1.712430e-02
3172	1.710885e-02
3173	1.709342e-02
3174	1.707801e-02
3175	1.706263e-02
3176	1.704726e-02
3177	1.703191e-02
3178	1.701658e-02
3179	1.700128e-02
3180	1.698599e-02
3181	1.697072e-02
3182	1.695547e-02
3183	1.694024e-02
3184	1.692502e-02
3185	1.690983e-02
3186	1.689465e-02
3187	1.687950e-02
3188	1.686436e-02
3189	1.684924e-02
3190	1.683414e-02
3191	1.681905e-02
3192	1.680399e-02
3193	1.678894e-02
3194	1.677391e-02
3195	1.675890e-02
3196	1.674390e-02
3197	1.672893e-02
3198	1.671397e-02
3199	1.669903e-02
3200	1.668411e-02
3201	1.666921e-02
3202	1.665433e-02
3203	1.663946e-02
3204	1.662461e-02
3205	1.660978e-02
3206	1.659497e-02
3207	1.658018e-02
3208	1.656541e-02
3209	1.655066e-02
3210	1.653593e-02
3211	1.652121e-02
3212	1.650652e-02
3213	1.649185e-02
3214	1.647719e-02
3215	1.646256e-02
3216	1.644794e-02
3217	1.643335e-02
3218	1.641878e-02
3219	1.640422e-02
3220	1.638969e-02
3221	1.637518e-02
3222	1.636069e-02
3223	1.634622e-02
3224	1.633177e-02
3225	1.631734e-02
3226	1.630293e-02
3227	1.628855e-02
3228	1.627418e-02
3229	1.625984e-02
3230	1.624551e-02
3231	1.623121e-02
3232	1.621693e-02
3233	1.620267e-02
3234	1.618843e-02
3235	1.617420e-02
3236	1.616000e-02
3237	1.614582e-02
3238	1.613166e-02
3239	1.611752e-02
3240	1.610340e-02
3241	1.608930e-02
3242	1.607521e-02
3243	1.606115e-02
3244	1.604710e-02
3245	1.603307e-02
3246	1.601906e-02
3247	1.600507e-02
3248	1.599109e-02
3249	1.597714e-02
3250	1.596320e-02
3251	1.594927e-02
3252	1.593537e-02
3253	1.592148e-02
3254	1.590760e-02
3255	1.589375e-02
3256	1.587990e-02
3257	1.586608e-02
3258	1.585227e-02
3259	1.583847e-02
3260	1.582469e-02
3261	1.581093e-02
3262	1.579718e-02
3263	1.578344e-02
3264	1.576973e-02
3265	1.575602e-02
3266	1.574233e-02
3267	1.572866e-02
3268	1.571500e-02
3269	1.570136e-02
3270	1.568773e-02
3271	1.567411e-02
3272	1.566051e-02
3273	1.564693e-02
3274	1.563336e-02
3275	1.561981e-02
3276	1.560627e-02
3277	1.559275e-02
3278	1.557925e-02
3279	1.556576e-02
3280	1.555229e-02
3281	1.553883e-02
3282	1.552539e-02
3283	1.551196e-02
3284	1.549855e-02
3285	1.548516e-02
3286	1.547179e-02
3287	1.545843e-02
3288	1.544509e-02
3289	1.543177e-02
3290	1.541846e-02
3291	1.540517e-02
3292	1.539189e-02
3293	1.537864e-02
3294	1.536540e-02
3295	1.535217e-02
3296	1.533897e-02
3297	1.532578e-02
3298	1.531261e-02
3299	1.529945e-02
3300	1.528631e-02
3301	1.527319e-02
3302	1.526008e-02
3303	1.524699e-02
3304	1.523392e-02
3305	1.522086e-02
3306	1.520781e-02
3307	1.519478e-02
3308	1.518177e-02
3309	1.516877e-02
3310	1.515579e-02
3311	1.514282e-02
3312	1.512986e-02
3313	1.511692e-02
3314	1.510399e-02
3315	1.509107e-02
3316	1.507817e-02
3317	1.506528e-02
3318	1.505240e-02
3319	1.503954e-02
3320	1.502669e-02
3321	1.501385e-02
3322	1.500102e-02
3323	1.498820e-02
3324	1.497540e-02
3325	1.496260e-02
3326	1.494982e-02
3327	1.493705e-02
3328	1.492429e-02
3329	1.491154e-02
3330	1.489880e-02
3331	1.488607e-02
3332	1.487336e-02
3333	1.486065e-02
3334	1.484796e-02
3335	1.483527e-02
3336	1.482260e-02
3337	1.480994e-02
3338	1.479728e-02
3339	1.478465e-02
3340	1.477202e-02
3341	1.475940e-02
3342	1.474679e-02
3343	1.473420e-02
3344	1.472162e-02
3345	1.470905e-02
3346	1.469649e-02
3347	1.468395e-02
3348	1.467141e-02
3349	1.465889e-02
3350	1.464638e-02
3351	1.463389e-02
3352	1.462141e-02
3353	1.460894e-02
3354	1.459648e-02
3355	1.458404e-02
3356	1.457161e-02
3357	1.455920e-02
3358	1.454680e-02
3359	1.453441e-02
3360	1.452204e-02
3361	1.450968e-02
3362	1.449733e-02
3363	1.448500e-02
3364	1.447268e-02
3365	1.446037e-02
3366	1.444808e-02
3367	1.443580e-02
3368	1.442354e-02
3369	1.441129e-02
3370	1.439905e-02
3371	1.438682e-02
3372	1.437461e-02
3373	1.436241e-02
3374	1.435023e-02
3375	1.433805e-02
3376	1.432589e-02
3377	1.431374e-02
3378	1.430161e-02
3379	1.428948e-02
3380	1.427737e-02
3381	1.426527e-02
3382	1.425318e-02
3383	1.424110e-02
3384	1.422903e-02
3385	1.421697e-02
3386	1.420492e-02
3387	1.419288e-02
3388	1.418085e-02
3389	1.416884e-02
3390	1.415683e-02
3391	1.414483e-02
3392	1.413285e-02
3393	1.412087e-02
3394	1.410890e-02
3395	1.409694e-02
3396	1.408499e-02
3397	1.407305e-02
3398	1.406112e-02
3399	1.404920e-02
3400	1.403729e-02
3401	1.402539e-02
3402	1.401350e-02
3403	1.400162e-02
3404	1.398975e-02
3405	1.397789e-02
3406	1.396604e-02
3407	1.395420e-02
3408	1.394237e-02
3409	1.393055e-02
3410	1.391874e-02
3411	1.390694e-02
3412	1.389516e-02
3413	1.388338e-02
3414	1.387162e-02
3415	1.385987e-02
3416	1.384813e-02
3417	1.383640e-02
3418	1.382469e-02
3419	1.381298e-02
3420	1.380129e-02
3421	1.378961e-02
3422	1.377795e-02
3423	1.376630e-02
3424	1.375466e-02
3425	1.374303e-02
3426	1.373142e-02
3427	1.371982e-02
3428	1.370824e-02
3429	1.369666e-02
3430	1.368510e-02
3431	1.367356e-02
3432	1.366203e-02
3433	1.365051e-02
3434	1.363900e-02
3435	1.362751e-02
3436	1.361603e-02
3437	1.360457e-02
3438	1.359311e-02
3439	1.358167e-02
3440	1.357025e-02
3441	1.355883e-02
3442	1.354743e-02
3443	1.353604e-02
3444	1.352467e-02
3445	1.351330e-02
3446	1.350195e-02
3447	1.349061e-02
3448	1.347928e-02
3449	1.346797e-02
3450	1.345666e-02
3451	1.344537e-02
3452	1.343408e-02
3453	1.342281e-02
3454	1.341155e-02
3455	1.340030e-02
3456	1.338906e-02
3457	1.337783e-02
3458	1.336662e-02
3459	1.335541e-02
3460	1.334421e-02
3461	1.333303e-02
3462	1.332185e-02
3463	1.331068e-02
3464	1.329953e-02
3465	1.328838e-02
3466	1.327725e-02
3467	1.326612e-02
3468	1.325501e-02
3469	1.324391e-02
3470	1.323282e-02
3471	1.322174e-02
3472	1.321066e-02
3473	1.319961e-02
3474	1.318856e-02
3475	1.317752e-02
3476	1.316649e-02
3477	1.315548e-02
3478	1.314448e-02
3479	1.313349e-02
3480	1.312251e-02
3481	1.311154e-02
3482	1.310059e-02
3483	1.308964e-02
3484	1.307871e-02
3485	1.306780e-02
3486	1.305689e-02
3487	1.304600e-02
3488	1.303512e-02
3489	1.302426e-02
3490	1.301340e-02
3491	1.300256e-02
3492	1.299174e-02
3493	1.298093e-02
3494	1.297013e-02
3495	1.295934e-02
3496	1.294857e-02
3497	1.293781e-02
3498	1.292707e-02
3499	1.291634e-02
3500	1.290562e-02
3501	1.289492e-02
3502	1.288423e-02
3503	1.287355e-02
3504	1.286288e-02
3505	1.285223e-02
3506	1.284159e-02
3507	1.283097e-02
3508	1.282036e-02
3509	1.280976e-02
3510	1.279917e-02
3511	1.278860e-02
3512	1.277803e-02
3513	1.276748e-02
3514	1.275695e-02
3515	1.274642e-02
3516	1.273591e-02
3517	1.272540e-02
3518	1.271491e-02
3519	1.270443e-02
3520	1.269397e-02
3521	1.268351e-02
3522	1.267306e-02
3523	1.266263e-02
3524	1.265221e-02
3525	1.264179e-02
3526	1.263139e-02
3527	1.262100e-02
3528	1.261062e-02
3529	1.260025e-02
3530	1.258989e-02
3531	1.257954e-02
3532	1.256920e-02
3533	1.255888e-02
3534	1.254856e-02
3535	1.253825e-02
3536	1.252796e-02
3537	1.251767e-02
3538	1.250740e-02
3539	1.249714e-02
3540	1.248688e-02
3541	1.247664e-02
3542	1.246641e-02
3543	1.245619e-02
3544	1.244598e-02
3545	1.243579e-02
3546	1.242560e-02
3547	1.241543e-02
3548	1.240526e-02
3549	1.239511e-02
3550	1.238497e-02
3551	1.237485e-02
3552	1.236473e-02
3553	1.235463e-02
3554	1.234454e-02
3555	1.233446e-02
3556	1.232439e-02
3557	1.231433e-02
3558	1.230429e-02
3559	1.229426e-02
3560	1.228424e-02
3561	1.227423e-02
3562	1.226423e-02
3563	1.225425e-02
3564	1.224428e-02
3565	1.223432e-02
3566	1.222438e-02
3567	1.221444e-02
3568	1.220452e-02
3569	1.219461e-02
3570	1.218471e-02
3571	1.217482e-02
3572	1.216495e-02
3573	1.215508e-02
3574	1.214523e-02
3575	1.213539e-02
3576	1.212556e-02
3577	1.211574e-02
3578	1.210594e-02
3579	1.209614e-02
3580	1.208635e-02
3581	1.207658e-02
3582	1.206682e-02
3583	1.205706e-02
3584	1.204732e-02
3585	1.203759e-02
3586	1.202786e-02
3587	1.201815e-02
3588	1.200845e-02
3589	1.199876e-02
3590	1.198908e-02
3591	1.197941e-02
3592	1.196974e-02
3593	1.196009e-02
3594	1.195045e-02
3595	1.194081e-02
3596	1.193119e-02
3597	1.192158e-02
3598	1.191197e-02
3599	1.190238e-02
3600	1.189279e-02
3601	1.188322e-02
3602	1.187365e-02
3603	1.186409e-02
3604	1.185455e-02
3605	1.184501e-02
3606	1.183548e-02
3607	1.182596e-02
3608	1.181645e-02
3609	1.180695e-02
3610	1.179746e-02
3611	1.178798e-02
3612	1.177851e-02
3613	1.176905e-02
3614	1.175960e-02
3615	1.175016e-02
3616	1.174073e-02
3617	1.173131e-02
3618	1.172189e-02
3619	1.171249e-02
3620	1.170310e-02
3621	1.169372e-02
3622	1.168435e-02
3623	1.167499e-02
3624	1.166563e-02
3625	1.165629e-02
3626	1.164696e-02
3627	1.163764e-02
3628	1.162832e-02
3629	1.161902e-02
3630	1.160973e-02
3631	1.160045e-02
3632	1.159117e-02
3633	1.158191e-02
3634	1.157266e-02
3635	1.156341e-02
3636	1.155418e-02
3637	1.154496e-02
3638	1.153574e-02
3639	1.152654e-02
3640	1.151734e-02
3641	1.150815e-02
3642	1.149897e-02
3643	1.148981e-02
3644	1.148065e-02
3645	1.147150e-02
3646	1.146236e-02
3647	1.145323e-02
3648	1.144410e-02
3649	1.143499e-02
3650	1.142588e-02
3651	1.141679e-02
3652	1.140770e-02
3653	1.139862e-02
3654	1.138955e-02
3655	1.138049e-02
3656	1.137144e-02
3657	1.136239e-02
3658	1.135336e-02
3659	1.134433e-02
3660	1.133531e-02
3661	1.132630e-02
3662	1.131730e-02
3663	1.130831e-02
3664	1.129933e-02
3665	1.129035e-02
3666	1.128138e-02
3667	1.127242e-02
3668	1.126347e-02
3669	1.125453e-02
3670	1.124560e-02
3671	1.123667e-02
3672	1.122775e-02
3673	1.121884e-02
3674	1.120994e-02
3675	1.120105e-02
3676	1.119217e-02
3677	1.118329e-02
3678	1.117443e-02
3679	1.116557e-02
3680	1.115672e-02
3681	1.114787e-02
3682	1.113904e-02
3683	1.113022e-02
3684	1.112140e-02
3685	1.111259e-02
3686	1.110379e-02
3687	1.109500e-02
3688	1.108621e-02
3689	1.107744e-02
3690	1.106867e-02
3691	1.105991e-02
3692	1.105116e-02
3693	1.104242e-02
3694	1.103368e-02
3695	1.102496e-02
3696	1.101624e-02
3697	1.100753e-02
3698	1.099882e-02
3699	1.099013e-02
3700	1.098144e-02
3701	1.097276e-02
3702	1.096409e-02
3703	1.095543e-02
3704	1.094678e-02
3705	1.093813e-02
3706	1.092949e-02
3707	1.092086e-02
3708	1.091223e-02
3709	1.090362e-02
3710	1.089501e-02
3711	1.088641e-02
3712	1.087782e-02
3713	1.086923e-02
3714	1.086066e-02
3715	1.085209e-02
3716	1.084353e-02
3717	1.083498e-02
3718	1.082643e-02
3719	1.081789e-02
3720	1.080936e-02
3721	1.080084e-02
3722	1.079233e-02
3723	1.078383e-02
3724	1.077533e-02
3725	1.076684e-02
3726	1.075836e-02
3727	1.074989e-02
3728	1.074142e-02
3729	1.073297e-02
3730	1.072452e-02
3731	1.071608e-02
3732	1.070765e-02
3733	1.069922e-02
3734	1.069081e-02
3735	1.068240e-02
3736	1.067400e-02
3737	1.066561e-02
3738	1.065722e-02
3739	1.064885e-02
3740	1.064048e-02
3741	1.063212e-02
3742	1.062377e-02
3743	1.061543e-02
3744	1.060710e-02
3745	1.059877e-02
3746	1.059045e-02
3747	1.058214e-02
3748	1.057384e-02
3749	1.056554e-02
3750	1.055725e-02
3751	1.054897e-02
3752	1.054070e-02
3753	1.053243e-02
3754	1.052418e-02
3755	1.051593e-02
3756	1.050768e-02
3757	1.049945e-02
3758	1.049122e-02
3759	1.048300e-02
3760	1.047478e-02
3761	1.046658e-02
3762	1.045838e-02
3763	1.045019e-02
3764	1.044200e-02
3765	1.043382e-02
3766	1.042565e-02
3767	1.041749e-02
3768	1.040933e-02
3769	1.040118e-02
3770	1.039303e-02
3771	1.038490e-02
3772	1.037677e-02
3773	1.036865e-02
3774	1.036053e-02
3775	1.035242e-02
3776	1.034432e-02
3777	1.033623e-02
3778	1.032814e-02
3779	1.032006e-02
3780	1.031199e-02
3781	1.030393e-02
3782	1.029587e-02
3783	1.028782e-02
3784	1.027978e-02
3785	1.027174e-02
3786	1.026372e-02
3787	1.025570e-02
3788	1.024769e-02
3789	1.023969e-02
3790	1.023169e-02
3791	1.022371e-02
3792	1.021573e-02
3793	1.020776e-02
3794	1.019980e-02
3795	1.019185e-02
3796	1.018390e-02
3797	1.017596e-02
3798	1.016804e-02
3799	1.016012e-02
3800	1.015221e-02
3801	1.014430e-02
3802	1.013641e-02
3803	1.012852e-02
3804	1.012065e-02
3805	1.011278e-02
3806	1.010492e-02
3807	1.009706e-02
3808	1.008922e-02
3809	1.008138e-02
3810	1.007356e-02
3811	1.006574e-02
3812	1.005792e-02
3813	1.005012e-02
3814	1.004232e-02
3815	1.003453e-02
3816	1.002675e-02
3817	1.001898e-02
3818	1.001121e-02
3819	1.000345e-02
3820	9.995698e-03
3821	9.987953e-03
3822	9.980215e-03
3823	9.972483e-03
3824	9.964759e-03
3825	9.957041e-03
3826	9.949329e-03
3827	9.941625e-03
3828	9.933926e-03
3829	9.926234e-03
3830	9.918549e-03
3831	9.910870e-03
3832	9.903197e-03
3833	9.895531e-03
3834	9.887870e-03
3835	9.880217e-03
3836	9.872569e-03
3837	9.864928e-03
3838	9.857293e-03
3839	9.849664e-03
3840	9.842042e-03
3841	9.834427e-03
3842	9.826818e-03
3843	9.819216e-03
3844	9.811620e-03
3845	9.804031e-03
3846	9.796449e-03
3847	9.788875e-03
3848	9.781307e-03
3849	9.773746e-03
3850	9.766193e-03
3851	9.758647e-03
3852	9.751109e-03
3853	9.743578e-03
3854	9.736055e-03
3855	9.728540e-03
3856	9.721033e-03
3857	9.713534e-03
3858	9.706043e-03
3859	9.698560e-03
3860	9.691086e-03
3861	9.683619e-03
3862	9.676161e-03
3863	9.668712e-03
3864	9.661271e-03
3865	9.653839e-03
3866	9.646415e-03
3867	9.638999e-03
3868	9.631592e-03
3869	9.624193e-03
3870	9.616803e-03
3871	9.609421e-03
3872	9.602048e-03
3873	9.594682e-03
3874	9.587325e-03
3875	9.579976e-03
3876	9.572635e-03
3877	9.565301e-03
3878	9.557976e-03
3879	9.550658e-03
3880	9.543347e-03
3881	9.536044e-03
3882	9.528748e-03
3883	9.521459e-03
3884	9.514177e-03
3885	9.506902e-03
3886	9.499634e-03
3887	9.492371e-03
3888	9.485116e-03
3889	9.477866e-03
3890	9.470623e-03
3891	9.463386e-03
3892	9.456154e-03
3893	9.448929e-03
3894	9.441708e-03
3895	9.434494e-03
3896	9.427285e-03
3897	9.420082e-03
3898	9.412884e-03
3899	9.405691e-03
3900	9.398504e-03
3901	9.391322e-03
3902	9.384145e-03
3903	9.376974e-03
3904	9.369808e-03
3905	9.362647e-03
3906	9.355492e-03
3907	9.348342e-03
3908	9.341199e-03
3909	9.334060e-03
3910	9.326928e-03
3911	9.319801e-03
3912	9.312681e-03
3913	9.305566e-03
3914	9.298458e-03
3915	9.291356e-03
3916	9.284261e-03
3917	9.277172e-03
3918	9.270090e-03
3919	9.263015e-03
3920	9.255947e-03
3921	9.248886e-03
3922	9.241833e-03
3923	9.234787e-03
3924	9.227748e-03
3925	9.220717e-03
3926	9.213693e-03
3927	9.206678e-03
3928	9.199670e-03
3929	9.192670e-03
3930	9.185678e-03
3931	9.178694e-03
3932	9.171718e-03
3933	9.164750e-03
3934	9.157790e-03
3935	9.150837e-03
3936	9.143893e-03
3937	9.136957e-03
3938	9.130028e-03
3939	9.123107e-03
3940	9.116194e-03
3941	9.109288e-03
3942	9.102390e-03
3943	9.095499e-03
3944	9.088615e-03
3945	9.081737e-03
3946	9.074867e-03
3947	9.068004e-03
3948	9.061146e-03
3949	9.054296e-03
3950	9.047451e-03
3951	9.040612e-03
3952	9.033779e-03
3953	9.026952e-03
3954	9.020130e-03
3955	9.013314e-03
3956	9.006502e-03
3957	8.999696e-03
3958	8.992894e-03
3959	8.986098e-03
3960	8.979305e-03
3961	8.972518e-03
3962	8.965734e-03
3963	8.958955e-03
3964	8.952180e-03
3965	8.945410e-03
3966	8.938643e-03
3967	8.931881e-03
3968	8.925123e-03
3969	8.918369e-03
3970	8.911619e-03
3971	8.904873e-03
3972	8.898132e-03
3973	8.891394e-03
3974	8.884661e-03
3975	8.877933e-03
3976	8.871209e-03
3977	8.864490e-03
3978	8.857776e-03
3979	8.851066e-03
3980	8.844362e-03
3981	8.837663e-03
3982	8.830969e-03
3983	8.824281e-03
3984	8.817599e-03
3985	8.810922e-03
3986	8.804251e-03
3987	8.797586e-03
3988	8.790928e-03
3989	8.784276e-03
3990	8.777630e-03
3991	8.770992e-03
3992	8.764359e-03
3993	8.757734e-03
3994	8.751116e-03
3995	8.744504e-03
3996	8.737900e-03
3997	8.731303e-03
3998	8.724713e-03
3999	8.718130e-03
4000	8.711554e-03
