#Results from experiments with detections of B-mode power, l(l+1)C_l/2pi, in uK^2.
#
   Experiment      ,    l_min ,  l_center ,     l_max ,       Power  ,  Sigma_minus ,   Sigma_plus ,    Upper Limit
BICEP2             ,       21 ,      45.1 ,        55 ,       0.0087 ,       0.0019 ,       0.0019 ,             
BICEP2             ,       56 ,      73.9 ,        90 ,       0.0133 ,       0.0017 ,       0.0017 ,             
BICEP2             ,       91 ,     109.1 ,       125 ,       0.0150 ,       0.0025 ,       0.0025 ,             
BICEP2             ,      126 ,     144.2 ,       160 ,       0.0139 ,       0.0037 ,       0.0037 ,             
BICEP2             ,      161 ,     179.1 ,       195 ,       0.0206 ,       0.0056 ,       0.0056 ,             
BICEP2             ,      196 ,     213.7 ,       230 ,       0.0337 ,       0.0084 ,       0.0084 ,             
BICEP2             ,      231 ,     248.4 ,       265 ,       0.0507 ,       0.0113 ,       0.0113 ,             
BICEP2             ,      266 ,     283.1 ,       300 ,       0.0335 ,       0.0174 ,       0.0174 ,             
BICEP2             ,      301 ,     317.4 ,       335 ,       0.0326 ,       0.0279 ,       0.0279 ,             
BICEP2+Keck        ,       37 ,      46.5 ,        54 ,       0.0000 ,       0.0000 ,       0.0026 ,             
BICEP2+Keck        ,       60 ,      73.6 ,        86 ,       0.0014 ,       0.0013 ,       0.0015 ,             
BICEP2+Keck        ,       93 ,     107.4 ,       121 ,       0.0064 ,       0.0022 ,       0.0026 ,             
BICEP2+Keck        ,      126 ,     141.0 ,       156 ,       0.0084 ,       0.0027 ,       0.0030 ,             
BICEP2+Keck        ,      158 ,     173.8 ,       192 ,       0.0130 ,       0.0041 ,       0.0043 ,             
BICEP2+Keck        ,      190 ,     205.5 ,       227 ,       0.0202 ,       0.0046 ,       0.0051 ,             
BICEP2+Keck        ,      221 ,     237.3 ,       262 ,       0.0209 ,       0.0061 ,       0.0064 ,             
BICEP2+Keck        ,      254 ,     270.3 ,       297 ,       0.0360 ,       0.0081 ,       0.0088 ,             
BICEP2+Keck        ,      286 ,     303.1 ,       332 ,       0.0338 ,       0.0112 ,       0.0117 ,             
BICEP2+Keck/Planck ,       21 ,      45.3 ,        55 ,      -0.0012 ,       0.0036 ,       0.0036 ,             
BICEP2+Keck/Planck ,       56 ,      74.2 ,        90 ,       0.0033 ,       0.0027 ,       0.0027 ,             
BICEP2+Keck/Planck ,       91 ,     109.2 ,       125 ,       0.0070 ,       0.0031 ,       0.0031 ,             
BICEP2+Keck/Planck ,      126 ,     144.3 ,       160 ,       0.0091 ,       0.0039 ,       0.0039 ,             
BICEP2+Keck/Planck ,      161 ,     179.1 ,       195 ,       0.0158 ,       0.0054 ,       0.0054 ,             
BICEP2+Keck/Planck ,      196 ,     213.7 ,       230 ,       0.0255 ,       0.0075 ,       0.0075 ,             
BICEP2+Keck/Planck ,      231 ,     248.4 ,       265 ,       0.0206 ,       0.0094 ,       0.0094 ,             
BICEP2+Keck/Planck ,      266 ,     283.0 ,       300 ,       0.0385 ,       0.0133 ,       0.0133 ,             
BICEP2+Keck/Planck ,      301 ,     317.2 ,       335 ,       0.0510 ,       0.0184 ,       0.0184 ,             
POLARBEAR_2017     ,      500 ,     700.0 ,       900 ,       0.0530 ,       0.0260 ,       0.0290 ,             
POLARBEAR_2017     ,      900 ,    1100.0 ,      1300 ,       0.0740 ,       0.0540 ,       0.0570 ,             
POLARBEAR_2017     ,     1300 ,    1500.0 ,      1700 ,       0.0450 ,       0.1090 ,       0.1160 ,             
POLARBEAR_2017     ,     1700 ,    1900.0 ,      2100 ,       0.3520 ,       0.2390 ,       0.2600 ,             
POLARBEAR_2019     ,      350 ,     374.9 ,       400 ,       0.3731 ,       0.1236 ,       0.1236 ,
SPTpol             ,      152 ,     227.0 ,       301 ,       0.0300 ,       0.0100 ,       0.0100 ,             
SPTpol             ,      302 ,     502.0 ,       701 ,       0.0940 ,       0.0100 ,       0.0100 ,             
SPTpol             ,      702 ,     902.0 ,      1101 ,       0.1180 ,       0.0160 ,       0.0160 ,             
SPTpol             ,     1102 ,    1302.0 ,      1501 ,       0.0970 ,       0.0260 ,       0.0260 ,             
SPTpol             ,     1502 ,    1702.0 ,      1901 ,       0.1190 ,       0.0420 ,       0.0420 ,             
#
#
#95% confidence upper limits on B-mode power, l(l+1)C_l/2pi, in uK^2.
#
#   Experiment      ,    l_min ,  l_center ,     l_max ,       Power  ,  Sigma_minus ,   Sigma_plus ,    Upper Limit
ABS                ,       41 ,      55.0 ,        70 ,              ,              ,              ,        0.180
ABS                ,       71 ,      85.5 ,       100 ,              ,              ,              ,        0.173
ABS                ,      101 ,     115.5 ,       130 ,              ,              ,              ,        0.384
ABS                ,      131 ,     145.5 ,       160 ,              ,              ,              ,        0.593
ABS                ,      161 ,     175.5 ,       190 ,              ,              ,              ,        0.922
ABS                ,      191 ,     205.5 ,       220 ,              ,              ,              ,        0.903
ABS                ,      221 ,     235.5 ,       250 ,              ,              ,              ,        1.197
ABS                ,      251 ,     265.5 ,       280 ,              ,              ,              ,        1.971
ABS                ,      281 ,     295.5 ,       310 ,              ,              ,              ,        3.791
ABS                ,      311 ,     325.5 ,       340 ,              ,              ,              ,       10.118
ABS                ,      341 ,     355.5 ,       370 ,              ,              ,              ,        8.034
ABS                ,      371 ,     385.5 ,       400 ,              ,              ,              ,       11.356
ABS                ,      401 ,     415.5 ,       430 ,              ,              ,              ,       16.667
ACTPol             ,      300 ,     475.0 ,       650 ,              ,              ,              ,        0.175
ACTPol             ,      651 ,     825.5 ,      1000 ,              ,              ,              ,        0.159
ACTPol             ,     1001 ,    1200.5 ,      1400 ,              ,              ,              ,        0.247
ACTPol             ,     1401 ,    2100.5 ,      2800 ,              ,              ,              ,        0.163
ACTPol             ,     2801 ,    3400.5 ,      4000 ,              ,              ,              ,        0.427
BICEP1             ,       21 ,      38.0 ,        55 ,              ,              ,              ,        0.083
BICEP1             ,       56 ,      73.0 ,        90 ,              ,              ,              ,        0.056
BICEP1             ,       91 ,     108.0 ,       125 ,              ,              ,              ,        0.118
BICEP1             ,      126 ,     143.0 ,       160 ,              ,              ,              ,        0.080
BICEP1             ,      161 ,     178.0 ,       195 ,              ,              ,              ,        0.175
BICEP1             ,      196 ,     213.0 ,       230 ,              ,              ,              ,        0.326
BICEP1             ,      231 ,     248.0 ,       265 ,              ,              ,              ,        0.598
BICEP1             ,      266 ,     283.0 ,       300 ,              ,              ,              ,        1.058
BICEP1             ,      301 ,     318.0 ,       335 ,              ,              ,              ,        2.886
BOOMERanG          ,      101 ,     150.5 ,       200 ,              ,              ,              ,        6.000
BOOMERanG          ,      201 ,     250.5 ,       300 ,              ,              ,              ,        8.000
BOOMERanG          ,      301 ,     350.5 ,       400 ,              ,              ,              ,       16.900
BOOMERanG          ,      401 ,     450.5 ,       500 ,              ,              ,              ,       16.200
BOOMERanG          ,      501 ,     600.5 ,       700 ,              ,              ,              ,       18.600
BOOMERanG          ,      701 ,     800.5 ,       900 ,              ,              ,              ,       70.100
BOOMERanG          ,      901 ,    1000.5 ,      1100 ,              ,              ,              ,      155.100
CAPMAP             ,      200 ,     350.0 ,       500 ,              ,              ,              ,        5.990
CAPMAP             ,      500 ,     650.0 ,       800 ,              ,              ,              ,       13.780
CAPMAP             ,      800 ,     950.0 ,      1100 ,              ,              ,              ,       26.290
CAPMAP             ,     1100 ,    1250.0 ,      1400 ,              ,              ,              ,       20.160
CAPMAP             ,     1400 ,    1550.0 ,      1700 ,              ,              ,              ,       65.680
CAPMAP             ,     1700 ,    1850.0 ,      2000 ,              ,              ,              ,       93.370
CAPMAP             ,     2000 ,    2500.0 ,      3000 ,              ,              ,              ,       55.550
CBI                ,      330 ,     415.0 ,       500 ,              ,              ,              ,       14.200
CBI                ,      500 ,     600.0 ,       700 ,              ,              ,              ,        5.200
CBI                ,      700 ,     850.0 ,      1000 ,              ,              ,              ,       10.800
CBI                ,     1000 ,    1200.0 ,      1400 ,              ,              ,              ,       21.200
CBI                ,     1400 ,    3200.0 ,      5000 ,              ,              ,              ,       47.800
DASI               ,       28 ,     136.5 ,       245 ,              ,              ,              ,        2.120
DASI               ,      246 ,     333.0 ,       420 ,              ,              ,              ,        6.450
DASI               ,      421 ,     508.5 ,       596 ,              ,              ,              ,       11.400
DASI               ,      597 ,     684.5 ,       772 ,              ,              ,              ,       16.400
DASI               ,      773 ,     911.5 ,      1050 ,              ,              ,              ,       49.300
MAXIPOL            ,      151 ,     422.0 ,       693 ,              ,              ,              ,       90.250
Planck             ,        2 ,         4 ,         7 ,              ,              ,              ,        0.0438
Planck             ,        8 ,        15 ,        23 ,              ,              ,              ,        0.0066
Planck             ,       24 ,        36 ,        49 ,              ,              ,              ,        0.0141
Planck             ,       50 ,        69 ,        89 ,              ,              ,              ,        0.0232
Planck             ,       90 ,       107 ,       124 ,              ,              ,              ,        0.0352
Planck             ,      125 ,       159 ,       194 ,              ,              ,              ,        0.0579
Planck             ,      195 ,       229 ,       264 ,              ,              ,              ,        0.0759
Planck             ,      265 ,       357 ,       449 ,              ,              ,              ,        0.1021
POLARBEAR_2019     ,       50 ,      81.5 ,       100 ,              ,              ,              ,        0.095
POLARBEAR_2019     ,      100 ,     125.6 ,       150 ,              ,              ,              ,        0.104
POLARBEAR_2019     ,      150 ,     175.1 ,       200 ,              ,              ,              ,        0.115
POLARBEAR_2019     ,      200 ,     224.8 ,       250 ,              ,              ,              ,        0.161
POLARBEAR_2019     ,      250 ,     274.4 ,       300 ,              ,              ,              ,        0.151
POLARBEAR_2019     ,      300 ,     324.8 ,       350 ,              ,              ,              ,        0.255
POLARBEAR_2019     ,      400 ,     425.0 ,       450 ,              ,              ,              ,        0.435
POLARBEAR_2019     ,      450 ,     474.8 ,       500 ,              ,              ,              ,        0.456
POLARBEAR_2019     ,      500 ,     524.7 ,       550 ,              ,              ,              ,        0.591
POLARBEAR_2019     ,      550 ,     574.7 ,       600 ,              ,              ,              ,        0.615
QUaD               ,      164 ,     204.0 ,       244 ,              ,              ,              ,        0.852
QUaD               ,      245 ,     285.0 ,       325 ,              ,              ,              ,        0.881
QUaD               ,      326 ,     366.0 ,       406 ,              ,              ,              ,        2.189
QUaD               ,      407 ,     447.0 ,       487 ,              ,              ,              ,        1.978
QUaD               ,      488 ,     528.0 ,       568 ,              ,              ,              ,        1.395
QUaD               ,      569 ,     609.0 ,       649 ,              ,              ,              ,        2.447
QUaD               ,      650 ,     690.0 ,       730 ,              ,              ,              ,        3.714
QUaD               ,      731 ,     771.0 ,       811 ,              ,              ,              ,        2.422
QUaD               ,      812 ,     852.0 ,       892 ,              ,              ,              ,        4.637
QUaD               ,      893 ,     933.0 ,       973 ,              ,              ,              ,        4.728
QUaD               ,      974 ,    1014.0 ,      1054 ,              ,              ,              ,        4.115
QUaD               ,     1055 ,    1095.0 ,      1135 ,              ,              ,              ,        5.217
QUaD               ,     1136 ,    1176.0 ,      1216 ,              ,              ,              ,        5.545
QUaD               ,     1217 ,    1257.0 ,      1297 ,              ,              ,              ,       10.349
QUaD               ,     1298 ,    1338.0 ,      1378 ,              ,              ,              ,        8.195
QUaD               ,     1379 ,    1419.0 ,      1459 ,              ,              ,              ,       13.494
QUaD               ,     1460 ,    1500.0 ,      1540 ,              ,              ,              ,       10.711
QUaD               ,     1541 ,    1581.0 ,      1621 ,              ,              ,              ,       18.845
QUaD               ,     1622 ,    1662.0 ,      1702 ,              ,              ,              ,       14.290
QUaD               ,     1703 ,    1743.0 ,      1783 ,              ,              ,              ,       30.891
QUaD               ,     1784 ,    1824.0 ,      1864 ,              ,              ,              ,       17.372
QUaD               ,     1865 ,    1905.0 ,      1945 ,              ,              ,              ,       21.226
QUaD               ,     1946 ,    1986.0 ,      2026 ,              ,              ,              ,       22.250
QUIET-Q            ,       25 ,      50.0 ,        75 ,              ,              ,              ,        0.110
QUIET-Q            ,       76 ,     100.5 ,       125 ,              ,              ,              ,        0.290
QUIET-Q            ,      126 ,     150.5 ,       175 ,              ,              ,              ,        0.730
QUIET-Q            ,      176 ,     200.5 ,       225 ,              ,              ,              ,        1.550
QUIET-Q            ,      226 ,     250.5 ,       275 ,              ,              ,              ,        2.750
QUIET-Q            ,      276 ,     300.5 ,       325 ,              ,              ,              ,        3.500
QUIET-Q            ,      326 ,     350.5 ,       375 ,              ,              ,              ,        2.400
QUIET-Q            ,      376 ,     400.5 ,       425 ,              ,              ,              ,        4.200
QUIET-Q            ,      426 ,     450.5 ,       475 ,              ,              ,              ,       20.900
QUIET-W            ,       26 ,      50.5 ,        75 ,              ,              ,              ,        0.190
QUIET-W            ,       76 ,     100.5 ,       125 ,              ,              ,              ,        0.550
QUIET-W            ,      126 ,     150.5 ,       175 ,              ,              ,              ,        0.230
QUIET-W            ,      176 ,     200.5 ,       225 ,              ,              ,              ,        1.090
QUIET-W            ,      226 ,     250.5 ,       275 ,              ,              ,              ,        0.520
QUIET-W            ,      276 ,     300.5 ,       325 ,              ,              ,              ,        1.000
QUIET-W            ,      326 ,     350.5 ,       375 ,              ,              ,              ,        1.500
QUIET-W            ,      376 ,     400.5 ,       425 ,              ,              ,              ,        2.500
QUIET-W            ,      426 ,     450.5 ,       475 ,              ,              ,              ,        4.400
QUIET-W            ,      476 ,     500.5 ,       525 ,              ,              ,              ,        4.000
QUIET-W            ,      526 ,     550.5 ,       575 ,              ,              ,              ,        9.200
QUIET-W            ,      576 ,     600.5 ,       625 ,              ,              ,              ,       10.500
QUIET-W            ,      626 ,     650.5 ,       675 ,              ,              ,              ,       18.300
QUIET-W            ,      676 ,     700.5 ,       725 ,              ,              ,              ,       18.000
QUIET-W            ,      726 ,     750.5 ,       775 ,              ,              ,              ,       17.000
QUIET-W            ,      776 ,     800.5 ,       825 ,              ,              ,              ,       31.000
QUIET-W            ,      826 ,     850.5 ,       875 ,              ,              ,              ,       44.000
QUIET-W            ,      876 ,     900.5 ,       925 ,              ,              ,              ,       93.000
QUIET-W            ,      926 ,     950.5 ,       975 ,              ,              ,              ,       44.000
SPTpol             ,       52 ,     102.0 ,       151 ,       0.0040 ,       0.0140 ,       0.0140 ,        0.032
SPTpol             ,     1902 ,    2102.0 ,      2301 ,       0.0640 ,       0.0600 ,       0.0600 ,        0.184
WMAP               ,        2 ,       4.5 ,         7 ,              ,              ,              ,        0.055
WMAP               ,        8 ,      15.5 ,        23 ,              ,              ,              ,        0.113
WMAP               ,       24 ,      36.5 ,        49 ,              ,              ,              ,        0.432
WMAP               ,       50 ,      74.5 ,        99 ,              ,              ,              ,        0.299
WMAP               ,      100 ,     124.5 ,       149 ,              ,              ,              ,        0.817
WMAP               ,      150 ,     174.5 ,       199 ,              ,              ,              ,        1.377
WMAP               ,      200 ,     224.5 ,       249 ,              ,              ,              ,        2.849
WMAP               ,      250 ,     274.5 ,       299 ,              ,              ,              ,        4.677
WMAP               ,      300 ,     324.5 ,       349 ,              ,              ,              ,        9.047
WMAP               ,      350 ,     374.5 ,       399 ,              ,              ,              ,       21.881
WMAP               ,      400 ,     424.5 ,       449 ,              ,              ,              ,       26.444
WMAP               ,      450 ,     474.5 ,       499 ,              ,              ,              ,       33.004
WMAP               ,      500 ,     549.5 ,       599 ,              ,              ,              ,       41.567
WMAP               ,      600 ,     674.5 ,       749 ,              ,              ,              ,       95.277
WMAP               ,      750 ,     824.5 ,       899 ,              ,              ,              ,      276.662
WMAP               ,      900 ,     962.0 ,      1024 ,              ,              ,              ,      711.835
