#Measurements of the EE power spectrum, power is l(l+1) C_l / 2pi in uK^2
#
   Experiment      ,    l_min ,  l_center ,     l_max ,       Power  ,  Sigma_minus ,   Sigma_plus ,    Upper Limit
ACTPol_2016        ,          ,     350.0 ,           ,      18.7730 ,       1.7930 ,       1.7930 ,             
ACTPol_2016        ,          ,     400.0 ,           ,      21.3300 ,       2.0230 ,       2.0230 ,             
ACTPol_2016        ,          ,     450.0 ,           ,      15.4240 ,       1.4890 ,       1.4890 ,             
ACTPol_2016        ,          ,     500.0 ,           ,       9.4510 ,       1.0370 ,       1.0370 ,             
ACTPol_2016        ,          ,     550.0 ,           ,       9.3960 ,       1.0650 ,       1.0650 ,             
ACTPol_2016        ,          ,     600.0 ,           ,      17.6120 ,       1.7500 ,       1.7500 ,             
ACTPol_2016        ,          ,     650.0 ,           ,      29.8180 ,       2.5730 ,       2.5730 ,             
ACTPol_2016        ,          ,     700.0 ,           ,      32.9100 ,       2.7830 ,       2.7830 ,             
ACTPol_2016        ,          ,     750.0 ,           ,      27.8010 ,       2.2210 ,       2.2210 ,             
ACTPol_2016        ,          ,     800.0 ,           ,      17.5520 ,       1.4750 ,       1.4750 ,             
ACTPol_2016        ,          ,     850.0 ,           ,      12.8600 ,       1.4050 ,       1.4050 ,             
ACTPol_2016        ,          ,     900.0 ,           ,      23.1910 ,       1.9190 ,       1.9190 ,             
ACTPol_2016        ,          ,     950.0 ,           ,      34.7250 ,       2.6460 ,       2.6460 ,             
ACTPol_2016        ,          ,    1000.0 ,           ,      39.3150 ,       2.7380 ,       2.7380 ,             
ACTPol_2016        ,          ,    1050.0 ,           ,      28.5150 ,       2.2640 ,       2.2640 ,             
ACTPol_2016        ,          ,    1100.0 ,           ,      18.2770 ,       1.7270 ,       1.7270 ,             
ACTPol_2016        ,          ,    1150.0 ,           ,      12.3310 ,       1.3900 ,       1.3900 ,             
ACTPol_2016        ,          ,    1200.0 ,           ,      15.8810 ,       1.6360 ,       1.6360 ,             
ACTPol_2016        ,          ,    1250.0 ,           ,      24.7530 ,       2.0480 ,       2.0480 ,             
ACTPol_2016        ,          ,    1300.0 ,           ,      29.1390 ,       2.2380 ,       2.2380 ,             
ACTPol_2016        ,          ,    1350.0 ,           ,      26.5920 ,       2.1750 ,       2.1750 ,             
ACTPol_2016        ,          ,    1400.0 ,           ,      17.7760 ,       1.6770 ,       1.6770 ,             
ACTPol_2016        ,          ,    1450.0 ,           ,      11.7480 ,       1.4180 ,       1.4180 ,             
ACTPol_2016        ,          ,    1500.0 ,           ,      12.2550 ,       1.4340 ,       1.4340 ,             
ACTPol_2016        ,          ,    1550.0 ,           ,      17.9400 ,       1.7220 ,       1.7220 ,             
ACTPol_2016        ,          ,    1600.0 ,           ,      22.2890 ,       1.9500 ,       1.9500 ,             
ACTPol_2016        ,          ,    1650.0 ,           ,      18.3150 ,       1.8040 ,       1.8040 ,             
ACTPol_2016        ,          ,    1700.0 ,           ,      12.9190 ,       1.5850 ,       1.5850 ,             
ACTPol_2016        ,          ,    1750.0 ,           ,      12.5050 ,       1.4310 ,       1.4310 ,             
ACTPol_2016        ,          ,    1800.0 ,           ,       7.4510 ,       1.4120 ,       1.4120 ,             
ACTPol_2016        ,          ,    1850.0 ,           ,       6.8850 ,       1.5520 ,       1.5520 ,             
ACTPol_2016        ,          ,    1900.0 ,           ,      10.5330 ,       1.6320 ,       1.6320 ,             
ACTPol_2016        ,          ,    1950.0 ,           ,      10.2530 ,       1.7290 ,       1.7290 ,             
ACTPol_2016        ,          ,    2000.0 ,           ,       8.7930 ,       1.6900 ,       1.6900 ,             
ACTPol_2016        ,          ,    2075.0 ,           ,       3.0820 ,       1.0450 ,       1.0450 ,             
ACTPol_2016        ,          ,    2175.0 ,           ,       5.8340 ,       1.2310 ,       1.2310 ,             
ACTPol_2016        ,          ,    2275.0 ,           ,       2.8880 ,       1.1800 ,       1.1800 ,             
ACTPol_2016        ,          ,    2375.0 ,           ,       2.3430 ,       1.2060 ,       1.2060 ,             
ACTPol_2016        ,          ,    2475.0 ,           ,       1.8350 ,       1.1930 ,       1.1930 ,             
ACTPol_2016        ,          ,    2625.0 ,           ,       1.0720 ,       0.9480 ,       0.9480 ,             
ACTPol_2016        ,          ,    2825.0 ,           ,       1.7050 ,       1.0590 ,       1.0590 ,             
ACTPol_2016        ,          ,    3025.0 ,           ,       0.0840 ,       1.1820 ,       1.1820 ,             
ACTPol_2016        ,          ,    3325.0 ,           ,      -0.1810 ,       0.9910 ,       0.9910 ,             
ACTPol_2016        ,          ,    3725.0 ,           ,      -0.9980 ,       1.2680 ,       1.2680 ,             
ACTPol_2016        ,          ,    4125.0 ,           ,      -0.3090 ,       1.5760 ,       1.5760 ,             
BICEP2/Keck_2015   ,          ,      45.3 ,           ,       0.1450 ,       0.0380 ,       0.0380 ,             
BICEP2/Keck_2015   ,          ,      74.2 ,           ,       0.5180 ,       0.0790 ,       0.0790 ,             
BICEP2/Keck_2015   ,          ,     109.2 ,           ,       0.9040 ,       0.1400 ,       0.1400 ,             
BICEP2/Keck_2015   ,          ,     144.3 ,           ,       1.0400 ,       0.1490 ,       0.1490 ,             
BICEP2/Keck_2015   ,          ,     179.1 ,           ,       0.6220 ,       0.1100 ,       0.1100 ,             
BICEP2/Keck_2015   ,          ,     213.7 ,           ,       0.8950 ,       0.1070 ,       0.1070 ,             
BICEP2/Keck_2015   ,          ,     248.4 ,           ,       2.0500 ,       0.2470 ,       0.2470 ,             
BICEP2/Keck_2015   ,          ,     283.0 ,           ,       6.7300 ,       0.5260 ,       0.5260 ,             
BICEP2/Keck_2015   ,          ,     317.2 ,           ,      14.0000 ,       1.0700 ,       1.0700 ,             
Planck_2015        ,          ,       2.0 ,           ,       0.0420 ,       0.0480 ,       0.0480 ,             
Planck_2015        ,          ,       3.0 ,           ,      -0.0080 ,       0.0550 ,       0.0550 ,             
Planck_2015        ,          ,       4.0 ,           ,       0.0470 ,       0.0640 ,       0.0640 ,             
Planck_2015        ,          ,       5.0 ,           ,       0.0120 ,       0.0660 ,       0.0660 ,             
Planck_2015        ,          ,       6.0 ,           ,      -0.0250 ,       0.0730 ,       0.0730 ,             
Planck_2015        ,          ,       7.0 ,           ,      -0.0730 ,       0.0780 ,       0.0780 ,             
Planck_2015        ,          ,       8.0 ,           ,      -0.0200 ,       0.0890 ,       0.0890 ,             
Planck_2015        ,          ,       9.0 ,           ,       0.2750 ,       0.0990 ,       0.0990 ,             
Planck_2015        ,          ,      10.0 ,           ,      -0.1330 ,       0.1120 ,       0.1120 ,             
Planck_2015        ,          ,      11.0 ,           ,       0.1990 ,       0.1240 ,       0.1240 ,             
Planck_2015        ,          ,      12.0 ,           ,       0.1720 ,       0.1380 ,       0.1380 ,             
Planck_2015        ,          ,      13.0 ,           ,      -0.1670 ,       0.1520 ,       0.1520 ,             
Planck_2015        ,          ,      14.0 ,           ,      -0.3140 ,       0.1670 ,       0.1670 ,             
Planck_2015        ,          ,      15.0 ,           ,       0.1700 ,       0.1820 ,       0.1820 ,             
Planck_2015        ,          ,      16.0 ,           ,       0.1080 ,       0.1980 ,       0.1980 ,             
Planck_2015        ,          ,      17.0 ,           ,       0.0720 ,       0.2140 ,       0.2140 ,             
Planck_2015        ,          ,      18.0 ,           ,       0.0430 ,       0.2310 ,       0.2310 ,             
Planck_2015        ,          ,      19.0 ,           ,      -0.1540 ,       0.2490 ,       0.2490 ,             
Planck_2015        ,          ,      20.0 ,           ,       0.0760 ,       0.2660 ,       0.2660 ,             
Planck_2015        ,          ,      21.0 ,           ,       0.1560 ,       0.2860 ,       0.2860 ,             
Planck_2015        ,          ,      22.0 ,           ,      -0.1240 ,       0.3040 ,       0.3040 ,             
Planck_2015        ,          ,      23.0 ,           ,      -0.0460 ,       0.3240 ,       0.3240 ,             
Planck_2015        ,          ,      24.0 ,           ,       0.1150 ,       0.3430 ,       0.3430 ,             
Planck_2015        ,          ,      25.0 ,           ,      -0.1630 ,       0.3640 ,       0.3640 ,             
Planck_2015        ,          ,      26.0 ,           ,      -0.0150 ,       0.3840 ,       0.3840 ,             
Planck_2015        ,          ,      27.0 ,           ,      -0.0660 ,       0.4060 ,       0.4060 ,             
Planck_2015        ,          ,      28.0 ,           ,      -0.1420 ,       0.4270 ,       0.4270 ,             
Planck_2015        ,          ,      29.0 ,           ,      -0.3610 ,       0.4500 ,       0.4500 ,             
Planck_2015        ,          ,      47.7 ,           ,       0.1040 ,       0.0170 ,       0.0170 ,             
Planck_2015        ,          ,      76.5 ,           ,       0.4310 ,       0.0270 ,       0.0270 ,             
Planck_2015        ,          ,     105.9 ,           ,       0.8680 ,       0.0400 ,       0.0400 ,             
Planck_2015        ,          ,     135.6 ,           ,       1.0940 ,       0.0490 ,       0.0490 ,             
Planck_2015        ,          ,     165.4 ,           ,       1.0070 ,       0.0530 ,       0.0530 ,             
Planck_2015        ,          ,     195.3 ,           ,       0.8090 ,       0.0580 ,       0.0580 ,             
Planck_2015        ,          ,     225.2 ,           ,       1.1790 ,       0.0730 ,       0.0730 ,             
Planck_2015        ,          ,     255.1 ,           ,       2.9420 ,       0.1070 ,       0.1070 ,             
Planck_2015        ,          ,     285.0 ,           ,       6.6530 ,       0.1640 ,       0.1640 ,             
Planck_2015        ,          ,     315.0 ,           ,      11.9420 ,       0.2370 ,       0.2370 ,             
Planck_2015        ,          ,     344.9 ,           ,      17.0730 ,       0.3090 ,       0.3090 ,             
Planck_2015        ,          ,     374.9 ,           ,      20.3790 ,       0.3590 ,       0.3590 ,             
Planck_2015        ,          ,     404.9 ,           ,      21.1760 ,       0.3750 ,       0.3750 ,             
Planck_2015        ,          ,     434.8 ,           ,      18.9770 ,       0.3580 ,       0.3580 ,             
Planck_2015        ,          ,     464.8 ,           ,      14.2100 ,       0.3260 ,       0.3260 ,             
Planck_2015        ,          ,     494.8 ,           ,       9.8970 ,       0.2970 ,       0.2970 ,             
Planck_2015        ,          ,     524.8 ,           ,       6.8210 ,       0.2540 ,       0.2540 ,             
Planck_2015        ,          ,     554.8 ,           ,       9.1670 ,       0.2940 ,       0.2940 ,             
Planck_2015        ,          ,     584.8 ,           ,      15.1040 ,       0.3730 ,       0.3730 ,             
Planck_2015        ,          ,     614.7 ,           ,      24.1740 ,       0.4730 ,       0.4730 ,             
Planck_2015        ,          ,     644.7 ,           ,      31.6630 ,       0.5690 ,       0.5690 ,             
Planck_2015        ,          ,     674.7 ,           ,      36.5900 ,       0.6350 ,       0.6350 ,             
Planck_2015        ,          ,     704.7 ,           ,      37.6650 ,       0.6580 ,       0.6580 ,             
Planck_2015        ,          ,     734.7 ,           ,      30.9010 ,       0.6470 ,       0.6470 ,             
Planck_2015        ,          ,     764.7 ,           ,      24.4980 ,       0.6230 ,       0.6230 ,             
Planck_2015        ,          ,     794.7 ,           ,      17.5940 ,       0.6130 ,       0.6130 ,             
Planck_2015        ,          ,     824.7 ,           ,      12.9330 ,       0.6360 ,       0.6360 ,             
Planck_2015        ,          ,     854.7 ,           ,      14.0130 ,       0.6980 ,       0.6980 ,             
Planck_2015        ,          ,     884.7 ,           ,      21.2760 ,       0.7950 ,       0.7950 ,             
Planck_2015        ,          ,     914.7 ,           ,      27.4450 ,       0.9160 ,       0.9160 ,             
Planck_2015        ,          ,     944.7 ,           ,      37.7970 ,       1.0410 ,       1.0410 ,             
Planck_2015        ,          ,     974.7 ,           ,      40.1620 ,       1.1490 ,       1.1490 ,             
Planck_2015        ,          ,    1004.6 ,           ,      40.9970 ,       1.3850 ,       1.3850 ,             
Planck_2015        ,          ,    1034.6 ,           ,      37.7920 ,       1.5210 ,       1.5210 ,             
Planck_2015        ,          ,    1064.6 ,           ,      31.1390 ,       1.5790 ,       1.5790 ,             
Planck_2015        ,          ,    1094.6 ,           ,      20.7720 ,       1.6470 ,       1.6470 ,             
Planck_2015        ,          ,    1124.6 ,           ,      15.5500 ,       1.7400 ,       1.7400 ,             
Planck_2015        ,          ,    1154.6 ,           ,      13.5810 ,       1.8680 ,       1.8680 ,             
Planck_2015        ,          ,    1184.6 ,           ,      14.9130 ,       2.0290 ,       2.0290 ,             
Planck_2015        ,          ,    1214.6 ,           ,      21.5090 ,       2.2170 ,       2.2170 ,             
Planck_2015        ,          ,    1244.6 ,           ,      27.7290 ,       2.4230 ,       2.4230 ,             
Planck_2015        ,          ,    1274.6 ,           ,      30.9770 ,       2.6350 ,       2.6350 ,             
Planck_2015        ,          ,    1304.6 ,           ,      31.1390 ,       2.8470 ,       2.8470 ,             
Planck_2015        ,          ,    1334.6 ,           ,      29.1930 ,       3.0610 ,       3.0610 ,             
Planck_2015        ,          ,    1364.6 ,           ,      21.7150 ,       3.2820 ,       3.2820 ,             
Planck_2015        ,          ,    1394.6 ,           ,      19.0150 ,       3.5200 ,       3.5200 ,             
Planck_2015        ,          ,    1424.6 ,           ,      14.1940 ,       3.7880 ,       3.7880 ,             
Planck_2015        ,          ,    1454.6 ,           ,      10.9870 ,       4.0920 ,       4.0920 ,             
Planck_2015        ,          ,    1484.6 ,           ,      13.0840 ,       4.4350 ,       4.4350 ,             
Planck_2015        ,          ,    1514.6 ,           ,      14.7680 ,       4.8190 ,       4.8190 ,             
Planck_2015        ,          ,    1544.6 ,           ,      22.2050 ,       5.2390 ,       5.2390 ,             
Planck_2015        ,          ,    1574.6 ,           ,       9.4400 ,       5.6930 ,       5.6930 ,             
Planck_2015        ,          ,    1604.6 ,           ,      27.0290 ,       6.1800 ,       6.1800 ,             
Planck_2015        ,          ,    1634.6 ,           ,      21.3880 ,       6.7000 ,       6.7000 ,             
Planck_2015        ,          ,    1664.6 ,           ,      23.9520 ,       7.2600 ,       7.2600 ,             
Planck_2015        ,          ,    1694.6 ,           ,      12.8030 ,       7.8670 ,       7.8670 ,             
Planck_2015        ,          ,    1724.6 ,           ,      14.4880 ,       8.5310 ,       8.5310 ,             
Planck_2015        ,          ,    1754.6 ,           ,      28.4330 ,       9.2610 ,       9.2610 ,             
Planck_2015        ,          ,    1784.6 ,           ,      -1.7950 ,      10.0640 ,      10.0640 ,             
Planck_2015        ,          ,    1814.6 ,           ,      21.5760 ,      10.9460 ,      10.9460 ,             
Planck_2015        ,          ,    1844.6 ,           ,       0.3420 ,      11.9120 ,      11.9120 ,             
Planck_2015        ,          ,    1874.6 ,           ,      19.1830 ,      12.9670 ,      12.9670 ,             
Planck_2015        ,          ,    1904.6 ,           ,       9.6070 ,      14.1170 ,      14.1170 ,             
Planck_2015        ,          ,    1934.6 ,           ,      14.9830 ,      15.3680 ,      15.3680 ,             
Planck_2015        ,          ,    1964.6 ,           ,       4.3920 ,      16.7300 ,      16.7300 ,             
Planck_2015        ,          ,    1988.0 ,           ,      13.5060 ,      24.1410 ,      24.1410 ,             
SPTpol_2015        ,          ,     521.0 ,           ,       8.8300 ,       1.7300 ,       1.7300 ,             
SPTpol_2015        ,          ,     572.0 ,           ,       7.3900 ,       2.5700 ,       2.5700 ,             
SPTpol_2015        ,          ,     622.0 ,           ,      41.0100 ,       4.4400 ,       4.4400 ,             
SPTpol_2015        ,          ,     672.0 ,           ,      42.4300 ,       5.3200 ,       5.3200 ,             
SPTpol_2015        ,          ,     722.0 ,           ,      32.9800 ,       4.9300 ,       4.9300 ,             
SPTpol_2015        ,          ,     772.0 ,           ,      12.2200 ,       3.3100 ,       3.3100 ,             
SPTpol_2015        ,          ,     822.0 ,           ,      15.1100 ,       2.3000 ,       2.3000 ,             
SPTpol_2015        ,          ,     872.0 ,           ,      14.3800 ,       2.9300 ,       2.9300 ,             
SPTpol_2015        ,          ,     923.0 ,           ,      37.5300 ,       4.1600 ,       4.1600 ,             
SPTpol_2015        ,          ,     973.0 ,           ,      31.1900 ,       5.0100 ,       5.0100 ,             
SPTpol_2015        ,          ,    1023.0 ,           ,      30.3700 ,       4.8900 ,       4.8900 ,             
SPTpol_2015        ,          ,    1073.0 ,           ,      29.3000 ,       3.5900 ,       3.5900 ,             
SPTpol_2015        ,          ,    1123.0 ,           ,      14.7600 ,       2.3500 ,       2.3500 ,             
SPTpol_2015        ,          ,    1173.0 ,           ,      11.4600 ,       2.2100 ,       2.2100 ,             
SPTpol_2015        ,          ,    1223.0 ,           ,      20.1100 ,       2.6600 ,       2.6600 ,             
SPTpol_2015        ,          ,    1273.0 ,           ,      31.9500 ,       3.3500 ,       3.3500 ,             
SPTpol_2015        ,          ,    1323.0 ,           ,      31.7500 ,       3.3700 ,       3.3700 ,             
SPTpol_2015        ,          ,    1373.0 ,           ,      16.9000 ,       2.7300 ,       2.7300 ,             
SPTpol_2015        ,          ,    1423.0 ,           ,      14.9300 ,       1.9300 ,       1.9300 ,             
SPTpol_2015        ,          ,    1473.0 ,           ,       8.2200 ,       1.6000 ,       1.6000 ,             
SPTpol_2015        ,          ,    1523.0 ,           ,      14.6000 ,       2.0200 ,       2.0200 ,             
SPTpol_2015        ,          ,    1573.0 ,           ,      20.2700 ,       2.2900 ,       2.2900 ,             
SPTpol_2015        ,          ,    1623.0 ,           ,      21.9700 ,       2.2900 ,       2.2900 ,             
SPTpol_2015        ,          ,    1673.0 ,           ,      15.5000 ,       2.0800 ,       2.0800 ,             
SPTpol_2015        ,          ,    1723.0 ,           ,       8.7500 ,       1.5900 ,       1.5900 ,             
SPTpol_2015        ,          ,    1773.0 ,           ,       8.6300 ,       1.5300 ,       1.5300 ,             
SPTpol_2015        ,          ,    1823.0 ,           ,       7.7300 ,       1.4800 ,       1.4800 ,             
SPTpol_2015        ,          ,    1873.0 ,           ,       8.6100 ,       1.5400 ,       1.5400 ,             
SPTpol_2015        ,          ,    1923.0 ,           ,       9.8800 ,       1.4700 ,       1.4700 ,             
SPTpol_2015        ,          ,    1974.0 ,           ,      10.6400 ,       1.5200 ,       1.5200 ,             
SPTpol_2015        ,          ,    2047.0 ,           ,       6.5000 ,       0.9200 ,       0.9200 ,             
SPTpol_2015        ,          ,    2147.0 ,           ,       5.5600 ,       0.8300 ,       0.8300 ,             
SPTpol_2015        ,          ,    2247.0 ,           ,       6.1100 ,       0.8300 ,       0.8300 ,             
SPTpol_2015        ,          ,    2348.0 ,           ,       4.2600 ,       0.9800 ,       0.9800 ,             
SPTpol_2015        ,          ,    2448.0 ,           ,       1.7700 ,       0.8100 ,       0.8100 ,             
SPTpol_2015        ,          ,    2745.0 ,           ,       1.8100 ,       0.4000 ,       0.4000 ,             
SPTpol_2015        ,          ,    3246.0 ,           ,       1.0300 ,       0.5100 ,       0.5100 ,             
SPTpol_2015        ,          ,    3746.0 ,           ,       0.1100 ,       0.6400 ,       0.6400 ,             
SPTpol_2015        ,          ,    4246.0 ,           ,       0.0500 ,       0.7400 ,       0.7400 ,             
SPTpol_2015        ,          ,    4747.0 ,           ,       1.3400 ,       1.0500 ,       1.0500 ,             
WMAP_2013          ,          ,       4.5 ,           ,       0.0080 ,       0.0220 ,       0.0220 ,             
WMAP_2013          ,          ,      15.5 ,           ,       0.0400 ,       0.0250 ,       0.0250 ,             
WMAP_2013          ,          ,      36.5 ,           ,       0.2160 ,       0.0640 ,       0.0640 ,             
WMAP_2013          ,          ,      74.5 ,           ,       0.7730 ,       0.1450 ,       0.1450 ,             
WMAP_2013          ,          ,     124.5 ,           ,       1.4530 ,       0.3460 ,       0.3460 ,             
WMAP_2013          ,          ,     174.5 ,           ,       1.4410 ,       0.6720 ,       0.6720 ,             
WMAP_2013          ,          ,     224.5 ,           ,       1.7690 ,       1.2230 ,       1.2230 ,             
WMAP_2013          ,          ,     274.5 ,           ,       6.5830 ,       2.1600 ,       2.1600 ,             
WMAP_2013          ,          ,     324.5 ,           ,      17.8310 ,       3.6730 ,       3.6730 ,             
WMAP_2013          ,          ,     374.5 ,           ,      25.7210 ,       6.0070 ,       6.0070 ,             
WMAP_2013          ,          ,     424.5 ,           ,      24.3060 ,       9.5100 ,       9.5100 ,             
WMAP_2013          ,          ,     474.5 ,           ,      43.2700 ,      14.7800 ,      14.7800 ,             
WMAP_2013          ,          ,     549.5 ,           ,      16.0860 ,      20.5480 ,      20.5480 ,             
WMAP_2013          ,          ,     674.5 ,           ,      22.8930 ,      47.1840 ,      47.1840 ,             
WMAP_2013          ,          ,     824.5 ,           ,      76.9940 ,     136.8840 ,     136.8840 ,             
WMAP_2013          ,          ,     962.0 ,           ,    -386.7120 ,     352.5210 ,     352.5210 ,             
