Measurements of the EE power spectrum, power is [l(l+1)]^2 C_l / 2pi in uK^2
 
   Experiment            l_center     EE    sigma_EE_minus  sigma_EE_plus
 
ACTPol_2016                350.0    18.773       1.793         1.793
ACTPol_2016                400.0    21.330       2.023         2.023
ACTPol_2016                450.0    15.424       1.489         1.489
ACTPol_2016                500.0     9.451       1.037         1.037
ACTPol_2016                550.0     9.396       1.065         1.065
ACTPol_2016                600.0    17.612       1.750         1.750
ACTPol_2016                650.0    29.818       2.573         2.573
ACTPol_2016                700.0    32.910       2.783         2.783
ACTPol_2016                750.0    27.801       2.221         2.221
ACTPol_2016                800.0    17.552       1.475         1.475
ACTPol_2016                850.0    12.860       1.405         1.405
ACTPol_2016                900.0    23.191       1.919         1.919
ACTPol_2016                950.0    34.725       2.646         2.646
ACTPol_2016               1000.0    39.315       2.738         2.738
ACTPol_2016               1050.0    28.515       2.264         2.264
ACTPol_2016               1100.0    18.277       1.727         1.727
ACTPol_2016               1150.0    12.331       1.390         1.390
ACTPol_2016               1200.0    15.881       1.636         1.636
ACTPol_2016               1250.0    24.753       2.048         2.048
ACTPol_2016               1300.0    29.139       2.238         2.238
ACTPol_2016               1350.0    26.592       2.175         2.175
ACTPol_2016               1400.0    17.776       1.677         1.677
ACTPol_2016               1450.0    11.748       1.418         1.418
ACTPol_2016               1500.0    12.255       1.434         1.434
ACTPol_2016               1550.0    17.940       1.722         1.722
ACTPol_2016               1600.0    22.289       1.950         1.950
ACTPol_2016               1650.0    18.315       1.804         1.804
ACTPol_2016               1700.0    12.919       1.585         1.585
ACTPol_2016               1750.0    12.505       1.431         1.431
ACTPol_2016               1800.0     7.451       1.412         1.412
ACTPol_2016               1850.0     6.885       1.552         1.552
ACTPol_2016               1900.0    10.533       1.632         1.632
ACTPol_2016               1950.0    10.253       1.729         1.729
ACTPol_2016               2000.0     8.793       1.690         1.690
ACTPol_2016               2075.0     3.082       1.045         1.045
ACTPol_2016               2175.0     5.834       1.231         1.231
ACTPol_2016               2275.0     2.888       1.180         1.180
ACTPol_2016               2375.0     2.343       1.206         1.206
ACTPol_2016               2475.0     1.835       1.193         1.193
ACTPol_2016               2625.0     1.072       0.948         0.948
ACTPol_2016               2825.0     1.705       1.059         1.059
ACTPol_2016               3025.0     0.084       1.182         1.182
ACTPol_2016               3325.0    -0.181       0.991         0.991
ACTPol_2016               3725.0    -0.998       1.268         1.268
BICEP2/Keck_2015            45.3     0.145       0.038         0.038
BICEP2/Keck_2015            74.2     0.518       0.079         0.079
BICEP2/Keck_2015           109.2     0.904       0.140         0.140
BICEP2/Keck_2015           144.3     1.040       0.149         0.149
BICEP2/Keck_2015           179.1     0.622       0.110         0.110
BICEP2/Keck_2015           213.7     0.895       0.107         0.107
BICEP2/Keck_2015           248.4     2.050       0.247         0.247
BICEP2/Keck_2015           283.0     6.730       0.526         0.526
BICEP2/Keck_2015           317.2    14.000       1.070         1.070
Planck_2015                  2.0     0.042       0.048         0.048
Planck_2015                  3.0    -0.008       0.055         0.055
Planck_2015                  4.0     0.047       0.064         0.064
Planck_2015                  5.0     0.012       0.066         0.066
Planck_2015                  6.0    -0.025       0.073         0.073
Planck_2015                  7.0    -0.073       0.078         0.078
Planck_2015                  8.0    -0.020       0.089         0.089
Planck_2015                  9.0     0.275       0.099         0.099
Planck_2015                 10.0    -0.133       0.112         0.112
Planck_2015                 11.0     0.199       0.124         0.124
Planck_2015                 12.0     0.172       0.138         0.138
Planck_2015                 13.0    -0.167       0.152         0.152
Planck_2015                 14.0    -0.314       0.167         0.167
Planck_2015                 15.0     0.170       0.182         0.182
Planck_2015                 16.0     0.108       0.198         0.198
Planck_2015                 17.0     0.072       0.214         0.214
Planck_2015                 18.0     0.043       0.231         0.231
Planck_2015                 19.0    -0.154       0.249         0.249
Planck_2015                 20.0     0.076       0.266         0.266
Planck_2015                 21.0     0.156       0.286         0.286
Planck_2015                 22.0    -0.124       0.304         0.304
Planck_2015                 23.0    -0.046       0.324         0.324
Planck_2015                 24.0     0.115       0.343         0.343
Planck_2015                 25.0    -0.163       0.364         0.364
Planck_2015                 26.0    -0.015       0.384         0.384
Planck_2015                 27.0    -0.066       0.406         0.406
Planck_2015                 28.0    -0.142       0.427         0.427
Planck_2015                 29.0    -0.361       0.450         0.450
Planck_2015                 47.7     0.104       0.017         0.017
Planck_2015                 76.5     0.431       0.027         0.027
Planck_2015                105.9     0.868       0.040         0.040
Planck_2015                135.6     1.094       0.049         0.049
Planck_2015                165.4     1.007       0.053         0.053
Planck_2015                195.3     0.809       0.058         0.058
Planck_2015                225.2     1.179       0.073         0.073
Planck_2015                255.1     2.942       0.107         0.107
Planck_2015                285.0     6.653       0.164         0.164
Planck_2015                315.0    11.942       0.237         0.237
Planck_2015                344.9    17.073       0.309         0.309
Planck_2015                374.9    20.379       0.359         0.359
Planck_2015                404.9    21.176       0.375         0.375
Planck_2015                434.8    18.977       0.358         0.358
Planck_2015                464.8    14.210       0.326         0.326
Planck_2015                494.8     9.897       0.297         0.297
Planck_2015                524.8     6.821       0.254         0.254
Planck_2015                554.8     9.167       0.294         0.294
Planck_2015                584.8    15.104       0.373         0.373
Planck_2015                614.7    24.174       0.473         0.473
Planck_2015                644.7    31.663       0.569         0.569
Planck_2015                674.7    36.590       0.635         0.635
Planck_2015                704.7    37.665       0.658         0.658
Planck_2015                734.7    30.901       0.647         0.647
Planck_2015                764.7    24.498       0.623         0.623
Planck_2015                794.7    17.594       0.613         0.613
Planck_2015                824.7    12.933       0.636         0.636
Planck_2015                854.7    14.013       0.698         0.698
Planck_2015                884.7    21.276       0.795         0.795
Planck_2015                914.7    27.445       0.916         0.916
Planck_2015                944.7    37.797       1.041         1.041
Planck_2015                974.7    40.162       1.149         1.149
Planck_2015               1004.6    40.997       1.385         1.385
Planck_2015               1034.6    37.792       1.521         1.521
Planck_2015               1064.6    31.139       1.579         1.579
Planck_2015               1094.6    20.772       1.647         1.647
Planck_2015               1124.6    15.550       1.740         1.740
Planck_2015               1154.6    13.581       1.868         1.868
Planck_2015               1184.6    14.913       2.029         2.029
Planck_2015               1214.6    21.509       2.217         2.217
Planck_2015               1244.6    27.729       2.423         2.423
Planck_2015               1274.6    30.977       2.635         2.635
Planck_2015               1304.6    31.139       2.847         2.847
Planck_2015               1334.6    29.193       3.061         3.061
Planck_2015               1364.6    21.715       3.282         3.282
Planck_2015               1394.6    19.015       3.520         3.520
Planck_2015               1424.6    14.194       3.788         3.788
Planck_2015               1454.6    10.987       4.092         4.092
Planck_2015               1484.6    13.084       4.435         4.435
Planck_2015               1514.6    14.768       4.819         4.819
Planck_2015               1544.6    22.205       5.239         5.239
Planck_2015               1574.6     9.440       5.693         5.693
Planck_2015               1604.6    27.029       6.180         6.180
Planck_2015               1634.6    21.388       6.700         6.700
Planck_2015               1664.6    23.952       7.260         7.260
Planck_2015               1694.6    12.803       7.867         7.867
Planck_2015               1724.6    14.488       8.531         8.531
Planck_2015               1754.6    28.433       9.261         9.261
Planck_2015               1784.6    -1.795      10.064        10.064
Planck_2015               1814.6    21.576      10.946        10.946
Planck_2015               1844.6     0.342      11.912        11.912
Planck_2015               1874.6    19.183      12.967        12.967
Planck_2015               1904.6     9.607      14.117        14.117
Planck_2015               1934.6    14.983      15.368        15.368
Planck_2015               1964.6     4.392      16.730        16.730
Planck_2015               1988.0    13.506      24.141        24.141
SPTpol_2015                521.0     8.830       1.730         1.730
SPTpol_2015                572.0     7.390       2.570         2.570
SPTpol_2015                622.0    41.010       4.440         4.440
SPTpol_2015                672.0    42.430       5.320         5.320
SPTpol_2015                722.0    32.980       4.930         4.930
SPTpol_2015                772.0    12.220       3.310         3.310
SPTpol_2015                822.0    15.110       2.300         2.300
SPTpol_2015                872.0    14.380       2.930         2.930
SPTpol_2015                923.0    37.530       4.160         4.160
SPTpol_2015                973.0    31.190       5.010         5.010
SPTpol_2015               1023.0    30.370       4.890         4.890
SPTpol_2015               1073.0    29.300       3.590         3.590
SPTpol_2015               1123.0    14.760       2.350         2.350
SPTpol_2015               1173.0    11.460       2.210         2.210
SPTpol_2015               1223.0    20.110       2.660         2.660
SPTpol_2015               1273.0    31.950       3.350         3.350
SPTpol_2015               1323.0    31.750       3.370         3.370
SPTpol_2015               1373.0    16.900       2.730         2.730
SPTpol_2015               1423.0    14.930       1.930         1.930
SPTpol_2015               1473.0     8.220       1.600         1.600
SPTpol_2015               1523.0    14.600       2.020         2.020
SPTpol_2015               1573.0    20.270       2.290         2.290
SPTpol_2015               1623.0    21.970       2.290         2.290
SPTpol_2015               1673.0    15.500       2.080         2.080
SPTpol_2015               1723.0     8.750       1.590         1.590
SPTpol_2015               1773.0     8.630       1.530         1.530
SPTpol_2015               1823.0     7.730       1.480         1.480
SPTpol_2015               1873.0     8.610       1.540         1.540
SPTpol_2015               1923.0     9.880       1.470         1.470
SPTpol_2015               1974.0    10.640       1.520         1.520
SPTpol_2015               2047.0     6.500       0.920         0.920
SPTpol_2015               2147.0     5.560       0.830         0.830
SPTpol_2015               2247.0     6.110       0.830         0.830
SPTpol_2015               2348.0     4.260       0.980         0.980
SPTpol_2015               2448.0     1.770       0.810         0.810
SPTpol_2015               2745.0     1.810       0.400         0.400
SPTpol_2015               3246.0     1.030       0.510         0.510
SPTpol_2015               3746.0     0.110       0.640         0.640
SPTpol_2015               4246.0     0.050       0.740         0.740
SPTpol_2015               4747.0     1.340       1.050         1.050
WMAP_2013                    4.5     0.008       0.022         0.022
WMAP_2013                   15.5     0.040       0.025         0.025
WMAP_2013                   36.5     0.216       0.064         0.064
WMAP_2013                   74.5     0.773       0.145         0.145
WMAP_2013                  124.5     1.453       0.346         0.346
WMAP_2013                  174.5     1.441       0.672         0.672
WMAP_2013                  224.5     1.769       1.223         1.223
WMAP_2013                  274.5     6.583       2.160         2.160
WMAP_2013                  324.5    17.831       3.673         3.673
WMAP_2013                  374.5    25.721       6.007         6.007
WMAP_2013                  424.5    24.306       9.510         9.510
WMAP_2013                  474.5    43.270      14.780        14.780
WMAP_2013                  549.5    16.086      20.548        20.548
WMAP_2013                  674.5    22.893      47.184        47.184
WMAP_2013                  824.5    76.994     136.884       136.884
WMAP_2013                  962.0  -386.712     352.521       352.521
