#Measurements of the TE power spectrum, power is l(l+1) C_l / 2pi in uK^2
#
   Experiment      ,    l_min ,  l_center ,     l_max ,       Power  ,  Sigma_minus ,   Sigma_plus ,    Upper Limit
ACTPol_2020        ,          ,     350.5 ,           ,      83.5100 ,       7.4400 ,       7.4400 ,             
ACTPol_2020        ,          ,     400.5 ,           ,      -8.7000 ,       6.2000 ,       6.2000 ,             
ACTPol_2020        ,          ,     450.5 ,           ,     -74.8400 ,       5.9700 ,       5.9700 ,             
ACTPol_2020        ,          ,     500.5 ,           ,     -53.7700 ,       5.1700 ,       5.1700 ,             
ACTPol_2020        ,          ,     550.5 ,           ,       2.4600 ,       5.1900 ,       5.1900 ,             
ACTPol_2020        ,          ,     600.5 ,           ,      29.3600 ,       4.6100 ,       4.6100 ,             
ACTPol_2020        ,          ,     650.5 ,           ,     -27.7700 ,       4.9100 ,       4.9100 ,             
ACTPol_2020        ,          ,     700.5 ,           ,     -99.8700 ,       5.1500 ,       5.1500 ,             
ACTPol_2020        ,          ,     750.5 ,           ,    -138.1700 ,       4.8300 ,       4.8300 ,             
ACTPol_2020        ,          ,     800.5 ,           ,     -91.5200 ,       4.1600 ,       4.1600 ,             
ACTPol_2020        ,          ,     850.5 ,           ,       3.2600 ,       3.9100 ,       3.9100 ,             
ACTPol_2020        ,          ,     900.5 ,           ,      57.5200 ,       3.9700 ,       3.9700 ,             
ACTPol_2020        ,          ,     950.5 ,           ,      38.5500 ,       3.8500 ,       3.8500 ,             
ACTPol_2020        ,          ,    1000.5 ,           ,     -29.2200 ,       3.7400 ,       3.7400 ,             
ACTPol_2020        ,          ,    1050.5 ,           ,     -72.9400 ,       3.5000 ,       3.5000 ,             
ACTPol_2020        ,          ,    1100.5 ,           ,     -73.4300 ,       3.1300 ,       3.1300 ,             
ACTPol_2020        ,          ,    1150.5 ,           ,     -26.7500 ,       2.8800 ,       2.8800 ,             
ACTPol_2020        ,          ,    1200.5 ,           ,       4.4100 ,       2.8600 ,       2.8600 ,             
ACTPol_2020        ,          ,    1250.5 ,           ,      -3.9300 ,       2.8800 ,       2.8800 ,             
ACTPol_2020        ,          ,    1300.5 ,           ,     -37.7700 ,       2.7100 ,       2.7100 ,             
ACTPol_2020        ,          ,    1350.5 ,           ,     -59.5500 ,       2.7100 ,       2.7100 ,             
ACTPol_2020        ,          ,    1400.5 ,           ,     -57.0000 ,       2.5600 ,       2.5600 ,             
ACTPol_2020        ,          ,    1450.5 ,           ,     -28.6800 ,       2.3400 ,       2.3400 ,             
ACTPol_2020        ,          ,    1500.5 ,           ,      -0.3100 ,       2.2800 ,       2.2800 ,             
ACTPol_2020        ,          ,    1550.5 ,           ,       5.2100 ,       2.1300 ,       2.1300 ,             
ACTPol_2020        ,          ,    1600.5 ,           ,     -10.3900 ,       2.1100 ,       2.1100 ,             
ACTPol_2020        ,          ,    1650.5 ,           ,     -27.0200 ,       2.0500 ,       2.0500 ,             
ACTPol_2020        ,          ,    1700.5 ,           ,     -31.4000 ,       1.9000 ,       1.9000 ,             
ACTPol_2020        ,          ,    1750.5 ,           ,     -21.3100 ,       1.8000 ,       1.8000 ,             
ACTPol_2020        ,          ,    1800.5 ,           ,     -10.8200 ,       1.7000 ,       1.7000 ,             
ACTPol_2020        ,          ,    1850.5 ,           ,      -3.8800 ,       1.6700 ,       1.6700 ,             
ACTPol_2020        ,          ,    1900.5 ,           ,     -12.0400 ,       1.6000 ,       1.6000 ,             
ACTPol_2020        ,          ,    1950.5 ,           ,     -20.5800 ,       1.5600 ,       1.5600 ,             
ACTPol_2020        ,          ,    2000.5 ,           ,     -17.7000 ,       1.5100 ,       1.5100 ,             
ACTPol_2020        ,          ,    2075.5 ,           ,     -11.6700 ,       1.0100 ,       1.0100 ,             
ACTPol_2020        ,          ,    2175.5 ,           ,      -3.4400 ,       0.8800 ,       0.8800 ,             
ACTPol_2020        ,          ,    2275.5 ,           ,      -8.1600 ,       0.8600 ,       0.8600 ,             
ACTPol_2020        ,          ,    2375.5 ,           ,      -7.6700 ,       0.8400 ,       0.8400 ,             
ACTPol_2020        ,          ,    2475.5 ,           ,      -3.3800 ,       0.7800 ,       0.7800 ,             
ACTPol_2020        ,          ,    2625.5 ,           ,      -3.9200 ,       0.5200 ,       0.5200 ,             
ACTPol_2020        ,          ,    2825.5 ,           ,      -1.1700 ,       0.5100 ,       0.5100 ,             
ACTPol_2020        ,          ,    3025.5 ,           ,      -2.0600 ,       0.4900 ,       0.4900 ,             
ACTPol_2020        ,          ,    3325.5 ,           ,      -0.0300 ,       0.3700 ,       0.3700 ,             
ACTPol_2020        ,          ,    3725.5 ,           ,      -0.6800 ,       0.4300 ,       0.4300 ,             
ACTPol_2020        ,          ,    4125.5 ,           ,       0.2400 ,       0.5200 ,       0.5200 ,             
BICEP2/Keck_2015   ,          ,      45.3 ,           ,       3.1700 ,       2.3900 ,       2.3900 ,             
BICEP2/Keck_2015   ,          ,      74.2 ,           ,      -5.1500 ,       3.1600 ,       3.1600 ,             
BICEP2/Keck_2015   ,          ,     109.2 ,           ,     -31.0000 ,       5.2700 ,       5.2700 ,             
BICEP2/Keck_2015   ,          ,     144.3 ,           ,     -49.4000 ,       5.7400 ,       5.7400 ,             
BICEP2/Keck_2015   ,          ,     179.1 ,           ,     -26.7000 ,       5.3100 ,       5.3100 ,             
BICEP2/Keck_2015   ,          ,     213.7 ,           ,      17.1000 ,       5.7600 ,       5.7600 ,             
BICEP2/Keck_2015   ,          ,     248.4 ,           ,      56.8000 ,       7.0500 ,       7.0500 ,             
BICEP2/Keck_2015   ,          ,     283.0 ,           ,     111.0000 ,       8.4400 ,       8.4400 ,             
BICEP2/Keck_2015   ,          ,     317.2 ,           ,     145.0000 ,      11.3000 ,      11.3000 ,             
Planck_2018        ,          ,       2.0 ,           ,       2.9600 ,       4.0300 ,       4.0300 ,             
Planck_2018        ,          ,       3.0 ,           ,      -2.7900 ,       3.1300 ,       3.1300 ,             
Planck_2018        ,          ,       4.0 ,           ,       1.9900 ,       2.5200 ,       2.5200 ,             
Planck_2018        ,          ,       5.0 ,           ,       3.5800 ,       1.8700 ,       1.8700 ,             
Planck_2018        ,          ,       6.0 ,           ,       0.4600 ,       1.6800 ,       1.6800 ,             
Planck_2018        ,          ,       7.0 ,           ,       2.5000 ,       1.3400 ,       1.3400 ,             
Planck_2018        ,          ,       8.0 ,           ,       0.6800 ,       1.1900 ,       1.1900 ,             
Planck_2018        ,          ,       9.0 ,           ,       2.3200 ,       1.3100 ,       1.3100 ,             
Planck_2018        ,          ,      10.0 ,           ,      -0.0200 ,       1.1000 ,       1.1000 ,             
Planck_2018        ,          ,      11.0 ,           ,       1.1800 ,       1.0100 ,       1.0100 ,             
Planck_2018        ,          ,      12.0 ,           ,       1.4800 ,       1.0800 ,       1.0800 ,             
Planck_2018        ,          ,      13.0 ,           ,       0.6300 ,       1.0900 ,       1.0900 ,             
Planck_2018        ,          ,      14.0 ,           ,       0.6000 ,       1.1200 ,       1.1200 ,             
Planck_2018        ,          ,      15.0 ,           ,       0.8800 ,       1.1100 ,       1.1100 ,             
Planck_2018        ,          ,      16.0 ,           ,       0.6500 ,       1.1600 ,       1.1600 ,             
Planck_2018        ,          ,      17.0 ,           ,       2.0000 ,       1.1100 ,       1.1100 ,             
Planck_2018        ,          ,      18.0 ,           ,      -1.4900 ,       1.3400 ,       1.3400 ,             
Planck_2018        ,          ,      19.0 ,           ,      -2.1300 ,       1.2200 ,       1.2200 ,             
Planck_2018        ,          ,      20.0 ,           ,       1.3400 ,       1.2200 ,       1.2200 ,             
Planck_2018        ,          ,      21.0 ,           ,       1.1300 ,       1.3400 ,       1.3400 ,             
Planck_2018        ,          ,      22.0 ,           ,       0.1900 ,       1.3300 ,       1.3300 ,             
Planck_2018        ,          ,      23.0 ,           ,       1.8600 ,       1.4100 ,       1.4100 ,             
Planck_2018        ,          ,      24.0 ,           ,       0.4300 ,       1.3700 ,       1.3700 ,             
Planck_2018        ,          ,      25.0 ,           ,       3.4500 ,       1.4400 ,       1.4400 ,             
Planck_2018        ,          ,      26.0 ,           ,       3.5800 ,       1.4700 ,       1.4700 ,             
Planck_2018        ,          ,      27.0 ,           ,       1.6200 ,       1.5600 ,       1.5600 ,             
Planck_2018        ,          ,      28.0 ,           ,       4.1600 ,       1.6000 ,       1.6000 ,             
Planck_2018        ,          ,      29.0 ,           ,       1.9000 ,       1.6300 ,       1.6300 ,             
Planck_2018        ,          ,      47.7 ,           ,       0.7400 ,       0.6600 ,       0.6600 ,             
Planck_2018        ,          ,      76.5 ,           ,      -7.7700 ,       0.8400 ,       0.8400 ,             
Planck_2018        ,          ,     105.9 ,           ,     -27.4000 ,       1.1600 ,       1.1600 ,             
Planck_2018        ,          ,     135.6 ,           ,     -41.7300 ,       1.4200 ,       1.4200 ,             
Planck_2018        ,          ,     165.4 ,           ,     -46.6800 ,       1.4900 ,       1.4900 ,             
Planck_2018        ,          ,     195.3 ,           ,     -19.4600 ,       1.4600 ,       1.4600 ,             
Planck_2018        ,          ,     225.2 ,           ,      21.7400 ,       1.6000 ,       1.6000 ,             
Planck_2018        ,          ,     255.1 ,           ,      68.2600 ,       1.9800 ,       1.9800 ,             
Planck_2018        ,          ,     285.0 ,           ,     107.7300 ,       2.3500 ,       2.3500 ,             
Planck_2018        ,          ,     315.0 ,           ,     119.3800 ,       2.4900 ,       2.4900 ,             
Planck_2018        ,          ,     344.9 ,           ,      92.9400 ,       2.3600 ,       2.3600 ,             
Planck_2018        ,          ,     374.9 ,           ,      47.1500 ,       2.0900 ,       2.0900 ,             
Planck_2018        ,          ,     404.9 ,           ,      -8.1600 ,       1.9100 ,       1.9100 ,             
Planck_2018        ,          ,     434.8 ,           ,     -55.0700 ,       1.8800 ,       1.8800 ,             
Planck_2018        ,          ,     464.8 ,           ,     -76.2100 ,       1.8700 ,       1.8700 ,             
Planck_2018        ,          ,     494.8 ,           ,     -64.1700 ,       1.7900 ,       1.7900 ,             
Planck_2018        ,          ,     524.8 ,           ,     -31.2100 ,       1.6700 ,       1.6700 ,             
Planck_2018        ,          ,     554.8 ,           ,       4.6100 ,       1.7700 ,       1.7700 ,             
Planck_2018        ,          ,     584.8 ,           ,      25.4300 ,       1.9400 ,       1.9400 ,             
Planck_2018        ,          ,     614.7 ,           ,      24.0200 ,       2.0700 ,       2.0700 ,             
Planck_2018        ,          ,     644.7 ,           ,      -5.0800 ,       2.1500 ,       2.1500 ,             
Planck_2018        ,          ,     674.7 ,           ,     -58.9300 ,       2.2300 ,       2.2300 ,             
Planck_2018        ,          ,     704.7 ,           ,     -99.2000 ,       2.3300 ,       2.3300 ,             
Planck_2018        ,          ,     734.7 ,           ,    -127.3700 ,       2.4100 ,       2.4100 ,             
Planck_2018        ,          ,     764.7 ,           ,    -122.2000 ,       2.4000 ,       2.4000 ,             
Planck_2018        ,          ,     794.7 ,           ,     -93.5300 ,       2.3300 ,       2.3300 ,             
Planck_2018        ,          ,     824.7 ,           ,     -46.2400 ,       2.2700 ,       2.2700 ,             
Planck_2018        ,          ,     854.7 ,           ,       6.1500 ,       2.2800 ,       2.2800 ,             
Planck_2018        ,          ,     884.7 ,           ,      44.6000 ,       2.3100 ,       2.3100 ,             
Planck_2018        ,          ,     914.7 ,           ,      60.6400 ,       2.3000 ,       2.3000 ,             
Planck_2018        ,          ,     944.7 ,           ,      46.3000 ,       2.2200 ,       2.2200 ,             
Planck_2018        ,          ,     974.7 ,           ,      14.0200 ,       2.1300 ,       2.1300 ,             
Planck_2018        ,          ,    1004.6 ,           ,     -33.8400 ,       2.2100 ,       2.2100 ,             
Planck_2018        ,          ,    1034.6 ,           ,     -57.6400 ,       2.2900 ,       2.2900 ,             
Planck_2018        ,          ,    1064.6 ,           ,     -79.2400 ,       2.3600 ,       2.3600 ,             
Planck_2018        ,          ,    1094.6 ,           ,     -69.8100 ,       2.4200 ,       2.4200 ,             
Planck_2018        ,          ,    1124.6 ,           ,     -48.4700 ,       2.4700 ,       2.4700 ,             
Planck_2018        ,          ,    1154.6 ,           ,     -22.8100 ,       2.5000 ,       2.5000 ,             
Planck_2018        ,          ,    1184.6 ,           ,      -5.9600 ,       2.5100 ,       2.5100 ,             
Planck_2018        ,          ,    1214.6 ,           ,       3.7000 ,       2.4900 ,       2.4900 ,             
Planck_2018        ,          ,    1244.6 ,           ,       0.4500 ,       2.4600 ,       2.4600 ,             
Planck_2018        ,          ,    1274.6 ,           ,     -13.9500 ,       2.4600 ,       2.4600 ,             
Planck_2018        ,          ,    1304.6 ,           ,     -37.8200 ,       2.5000 ,       2.5000 ,             
Planck_2018        ,          ,    1334.6 ,           ,     -51.5900 ,       2.6100 ,       2.6100 ,             
Planck_2018        ,          ,    1364.6 ,           ,     -62.9600 ,       2.7500 ,       2.7500 ,             
Planck_2018        ,          ,    1394.6 ,           ,     -57.2600 ,       2.8900 ,       2.8900 ,             
Planck_2018        ,          ,    1424.6 ,           ,     -44.2500 ,       3.0100 ,       3.0100 ,             
Planck_2018        ,          ,    1454.6 ,           ,     -27.8400 ,       3.1000 ,       3.1000 ,             
Planck_2018        ,          ,    1484.6 ,           ,      -2.8700 ,       3.1500 ,       3.1500 ,             
Planck_2018        ,          ,    1514.6 ,           ,       6.3300 ,       3.1600 ,       3.1600 ,             
Planck_2018        ,          ,    1544.6 ,           ,       8.7100 ,       3.1700 ,       3.1700 ,             
Planck_2018        ,          ,    1574.6 ,           ,      -3.7100 ,       3.1900 ,       3.1900 ,             
Planck_2018        ,          ,    1604.6 ,           ,      -8.3600 ,       3.2600 ,       3.2600 ,             
Planck_2018        ,          ,    1634.6 ,           ,     -24.4000 ,       3.3900 ,       3.3900 ,             
Planck_2018        ,          ,    1664.6 ,           ,     -22.4500 ,       3.5800 ,       3.5800 ,             
Planck_2018        ,          ,    1694.6 ,           ,     -28.8000 ,       3.8100 ,       3.8100 ,             
Planck_2018        ,          ,    1724.6 ,           ,     -27.8300 ,       4.0500 ,       4.0500 ,             
Planck_2018        ,          ,    1754.6 ,           ,     -13.3200 ,       4.2900 ,       4.2900 ,             
Planck_2018        ,          ,    1784.6 ,           ,     -15.8500 ,       4.5300 ,       4.5300 ,             
Planck_2018        ,          ,    1814.6 ,           ,      -3.1500 ,       4.7600 ,       4.7600 ,             
Planck_2018        ,          ,    1844.6 ,           ,      -4.3500 ,       5.0000 ,       5.0000 ,             
Planck_2018        ,          ,    1874.6 ,           ,       0.3900 ,       5.2700 ,       5.2700 ,             
Planck_2018        ,          ,    1904.6 ,           ,      -8.0600 ,       5.5900 ,       5.5900 ,             
Planck_2018        ,          ,    1934.6 ,           ,      -9.1500 ,       5.9700 ,       5.9700 ,             
Planck_2018        ,          ,    1964.6 ,           ,     -20.6400 ,       6.4100 ,       6.4100 ,             
Planck_2018        ,          ,    1988.0 ,           ,     -27.7900 ,       9.1200 ,       9.1200 ,             
SPTpol_2017        ,          ,      76.0 ,           ,      -7.0000 ,       5.5000 ,       5.5000 ,             
SPTpol_2017        ,          ,     124.7 ,           ,     -53.6000 ,       7.5000 ,       7.5000 ,             
SPTpol_2017        ,          ,     174.7 ,           ,     -36.7000 ,       6.6000 ,       6.6000 ,             
SPTpol_2017        ,          ,     224.6 ,           ,      24.9000 ,       6.5000 ,       6.5000 ,             
SPTpol_2017        ,          ,     274.6 ,           ,      92.0000 ,      12.1000 ,      12.1000 ,             
SPTpol_2017        ,          ,     324.5 ,           ,     142.4000 ,      14.0000 ,      14.0000 ,             
SPTpol_2017        ,          ,     374.5 ,           ,      38.2000 ,      11.5000 ,      11.5000 ,             
SPTpol_2017        ,          ,     424.5 ,           ,     -33.5000 ,      10.3000 ,      10.3000 ,             
SPTpol_2017        ,          ,     474.5 ,           ,     -61.4000 ,       8.7000 ,       8.7000 ,             
SPTpol_2017        ,          ,     524.5 ,           ,     -33.6000 ,       6.2000 ,       6.2000 ,             
SPTpol_2017        ,          ,     574.5 ,           ,      10.9000 ,       7.9000 ,       7.9000 ,             
SPTpol_2017        ,          ,     624.5 ,           ,      10.2000 ,       9.9000 ,       9.9000 ,             
SPTpol_2017        ,          ,     674.5 ,           ,     -62.0000 ,      11.3000 ,      11.3000 ,             
SPTpol_2017        ,          ,     724.5 ,           ,    -122.4000 ,      10.6000 ,      10.6000 ,             
SPTpol_2017        ,          ,     774.5 ,           ,    -124.8000 ,       9.6000 ,       9.6000 ,             
SPTpol_2017        ,          ,     824.5 ,           ,     -48.1000 ,       7.8000 ,       7.8000 ,             
SPTpol_2017        ,          ,     874.5 ,           ,      31.6000 ,       7.4000 ,       7.4000 ,             
SPTpol_2017        ,          ,     924.5 ,           ,      45.2000 ,       8.1000 ,       8.1000 ,             
SPTpol_2017        ,          ,     974.5 ,           ,      12.0000 ,       7.9000 ,       7.9000 ,             
SPTpol_2017        ,          ,    1024.5 ,           ,     -64.4000 ,       7.4000 ,       7.4000 ,             
SPTpol_2017        ,          ,    1074.5 ,           ,     -69.7000 ,       6.4000 ,       6.4000 ,             
SPTpol_2017        ,          ,    1124.5 ,           ,     -49.2000 ,       5.0000 ,       5.0000 ,             
SPTpol_2017        ,          ,    1174.5 ,           ,     -14.7000 ,       4.0000 ,       4.0000 ,             
SPTpol_2017        ,          ,    1224.5 ,           ,      12.5000 ,       4.3000 ,       4.3000 ,             
SPTpol_2017        ,          ,    1274.5 ,           ,     -19.0000 ,       4.4000 ,       4.4000 ,             
SPTpol_2017        ,          ,    1324.5 ,           ,     -46.8000 ,       4.7000 ,       4.7000 ,             
SPTpol_2017        ,          ,    1374.5 ,           ,     -54.8000 ,       4.0000 ,       4.0000 ,             
SPTpol_2017        ,          ,    1424.5 ,           ,     -39.3000 ,       3.4000 ,       3.4000 ,             
SPTpol_2017        ,          ,    1474.5 ,           ,     -10.8000 ,       2.9000 ,       2.9000 ,             
SPTpol_2017        ,          ,    1524.5 ,           ,       4.3000 ,       2.8000 ,       2.8000 ,             
SPTpol_2017        ,          ,    1574.5 ,           ,       4.3000 ,       2.5000 ,       2.5000 ,             
SPTpol_2017        ,          ,    1624.4 ,           ,     -13.7000 ,       2.8000 ,       2.8000 ,             
SPTpol_2017        ,          ,    1674.5 ,           ,     -27.1000 ,       2.5000 ,       2.5000 ,             
SPTpol_2017        ,          ,    1724.5 ,           ,     -25.0000 ,       2.1000 ,       2.1000 ,             
SPTpol_2017        ,          ,    1774.4 ,           ,     -13.6000 ,       1.8000 ,       1.8000 ,             
SPTpol_2017        ,          ,    1824.5 ,           ,      -6.5000 ,       1.6000 ,       1.6000 ,             
SPTpol_2017        ,          ,    1874.5 ,           ,      -1.2000 ,       1.7000 ,       1.7000 ,             
SPTpol_2017        ,          ,    1924.5 ,           ,     -13.7000 ,       1.6000 ,       1.6000 ,             
SPTpol_2017        ,          ,    1974.5 ,           ,     -19.5000 ,       1.6000 ,       1.6000 ,             
SPTpol_2017        ,          ,    2049.5 ,           ,     -15.3000 ,       1.0000 ,       1.0000 ,             
SPTpol_2017        ,          ,    2149.5 ,           ,      -4.0000 ,       0.8000 ,       0.8000 ,             
SPTpol_2017        ,          ,    2249.5 ,           ,      -4.8000 ,       0.8000 ,       0.8000 ,             
SPTpol_2017        ,          ,    2349.5 ,           ,      -7.5000 ,       0.7000 ,       0.7000 ,             
SPTpol_2017        ,          ,    2449.5 ,           ,      -1.9000 ,       0.6000 ,       0.6000 ,             
SPTpol_2017        ,          ,    2549.5 ,           ,      -3.0000 ,       0.5000 ,       0.5000 ,             
SPTpol_2017        ,          ,    2649.5 ,           ,      -4.8000 ,       0.5000 ,       0.5000 ,             
SPTpol_2017        ,          ,    2749.5 ,           ,      -1.8000 ,       0.5000 ,       0.5000 ,             
SPTpol_2017        ,          ,    2849.5 ,           ,      -1.9000 ,       0.5000 ,       0.5000 ,             
SPTpol_2017        ,          ,    2949.5 ,           ,      -2.2000 ,       0.5000 ,       0.5000 ,             
SPTpol_2017        ,          ,    3249.5 ,           ,      -0.4000 ,       0.2000 ,       0.2000 ,             
SPTpol_2017        ,          ,    3749.5 ,           ,      -0.7000 ,       0.3000 ,       0.3000 ,             
SPTpol_2017        ,          ,    4249.5 ,           ,      -0.0000 ,       0.3000 ,       0.3000 ,             
SPTpol_2017        ,          ,    4749.5 ,           ,       0.1000 ,       0.4000 ,       0.4000 ,             
SPTpol_2017        ,          ,    5499.5 ,           ,      -0.4000 ,       0.4000 ,       0.4000 ,             
SPTpol_2017        ,          ,    6499.5 ,           ,       0.5000 ,       0.7000 ,       0.7000 ,             
SPTpol_2017        ,          ,    7499.5 ,           ,      -0.0000 ,       1.0000 ,       1.0000 ,             
SPT-3G_2021        ,          ,     326.0 ,           ,     103.7000 ,      11.3000 ,      11.3000 ,             
SPT-3G_2021        ,          ,     376.0 ,           ,      39.8000 ,       8.4000 ,       8.4000 ,             
SPT-3G_2021        ,          ,     426.0 ,           ,     -47.8000 ,       7.0000 ,       7.0000 ,             
SPT-3G_2021        ,          ,     475.0 ,           ,     -72.1000 ,       6.0000 ,       6.0000 ,             
SPT-3G_2021        ,          ,     523.0 ,           ,     -35.1000 ,       4.7000 ,       4.7000 ,             
SPT-3G_2021        ,          ,     574.0 ,           ,      10.2000 ,       5.6000 ,       5.6000 ,             
SPT-3G_2021        ,          ,     625.0 ,           ,      23.6000 ,       6.6000 ,       6.6000 ,             
SPT-3G_2021        ,          ,     675.0 ,           ,     -63.7000 ,       7.3000 ,       7.3000 ,             
SPT-3G_2021        ,          ,     725.0 ,           ,    -120.8000 ,       6.8000 ,       6.8000 ,             
SPT-3G_2021        ,          ,     774.0 ,           ,    -121.2000 ,       6.6000 ,       6.6000 ,             
SPT-3G_2021        ,          ,     824.0 ,           ,     -49.2000 ,       4.7000 ,       4.7000 ,             
SPT-3G_2021        ,          ,     874.0 ,           ,      38.0000 ,       5.0000 ,       5.0000 ,             
SPT-3G_2021        ,          ,     924.0 ,           ,      56.6000 ,       4.9000 ,       4.9000 ,             
SPT-3G_2021        ,          ,     974.0 ,           ,      13.3000 ,       4.8000 ,       4.8000 ,             
SPT-3G_2021        ,          ,    1024.0 ,           ,     -52.3000 ,       5.2000 ,       5.2000 ,             
SPT-3G_2021        ,          ,    1075.0 ,           ,     -74.0000 ,       4.7000 ,       4.7000 ,             
SPT-3G_2021        ,          ,    1124.0 ,           ,     -54.2000 ,       3.8000 ,       3.8000 ,             
SPT-3G_2021        ,          ,    1174.0 ,           ,     -10.0000 ,       3.3000 ,       3.3000 ,             
SPT-3G_2021        ,          ,    1224.0 ,           ,       4.4000 ,       3.3000 ,       3.3000 ,             
SPT-3G_2021        ,          ,    1274.0 ,           ,     -15.9000 ,       3.3000 ,       3.3000 ,             
SPT-3G_2021        ,          ,    1324.0 ,           ,     -47.8000 ,       3.4000 ,       3.4000 ,             
SPT-3G_2021        ,          ,    1374.0 ,           ,     -61.7000 ,       3.4000 ,       3.4000 ,             
SPT-3G_2021        ,          ,    1424.0 ,           ,     -42.0000 ,       3.0000 ,       3.0000 ,             
SPT-3G_2021        ,          ,    1474.0 ,           ,     -11.9000 ,       2.7000 ,       2.7000 ,             
SPT-3G_2021        ,          ,    1524.0 ,           ,       9.1000 ,       2.5000 ,       2.5000 ,             
SPT-3G_2021        ,          ,    1574.0 ,           ,      -0.4000 ,       2.5000 ,       2.5000 ,             
SPT-3G_2021        ,          ,    1624.0 ,           ,     -14.7000 ,       2.4000 ,       2.4000 ,             
SPT-3G_2021        ,          ,    1674.0 ,           ,     -32.4000 ,       2.2000 ,       2.2000 ,             
SPT-3G_2021        ,          ,    1724.0 ,           ,     -24.9000 ,       2.2000 ,       2.2000 ,             
SPT-3G_2021        ,          ,    1775.0 ,           ,     -15.2000 ,       2.0000 ,       2.0000 ,             
SPT-3G_2021        ,          ,    1824.0 ,           ,      -9.4000 ,       1.9000 ,       1.9000 ,             
SPT-3G_2021        ,          ,    1874.0 ,           ,      -3.5000 ,       1.9000 ,       1.9000 ,             
SPT-3G_2021        ,          ,    1924.0 ,           ,     -11.3000 ,       1.8000 ,       1.8000 ,             
SPT-3G_2021        ,          ,    1975.0 ,           ,     -16.3000 ,       1.8000 ,       1.8000 ,             
SPT-3G_2021        ,          ,    2050.0 ,           ,     -14.2000 ,       0.9000 ,       0.9000 ,             
SPT-3G_2021        ,          ,    2151.0 ,           ,      -4.8000 ,       0.9000 ,       0.9000 ,             
SPT-3G_2021        ,          ,    2250.0 ,           ,      -5.6000 ,       0.8000 ,       0.8000 ,             
SPT-3G_2021        ,          ,    2349.0 ,           ,      -9.2000 ,       0.8000 ,       0.8000 ,             
SPT-3G_2021        ,          ,    2450.0 ,           ,      -3.6000 ,       0.8000 ,       0.8000 ,             
SPT-3G_2021        ,          ,    2549.0 ,           ,      -3.7000 ,       0.8000 ,       0.8000 ,             
SPT-3G_2021        ,          ,    2649.0 ,           ,      -3.5000 ,       0.8000 ,       0.8000 ,             
SPT-3G_2021        ,          ,    2749.0 ,           ,      -2.1000 ,       0.8000 ,       0.8000 ,             
SPT-3G_2021        ,          ,    2849.0 ,           ,      -0.5000 ,       0.8000 ,       0.8000 ,             
SPT-3G_2021        ,          ,    2949.0 ,           ,      -2.3000 ,       0.8000 ,       0.8000 ,             
 WMAP_2013         ,          ,       4.5 ,           ,       2.6500 ,       1.1200 ,       1.1200 ,             
 WMAP_2013         ,          ,      10.5 ,           ,       0.3100 ,       1.5500 ,       1.5500 ,             
 WMAP_2013         ,          ,      17.0 ,           ,       2.1000 ,       1.7100 ,       1.7100 ,             
 WMAP_2013         ,          ,      22.5 ,           ,      -4.2000 ,       2.6500 ,       2.6500 ,             
 WMAP_2013         ,          ,      27.5 ,           ,       4.8200 ,       2.4700 ,       2.4700 ,             
 WMAP_2013         ,          ,      33.5 ,           ,      -0.1000 ,       2.8600 ,       2.8600 ,             
 WMAP_2013         ,          ,      40.5 ,           ,       2.5700 ,       2.8700 ,       2.8700 ,             
 WMAP_2013         ,          ,      48.5 ,           ,      -3.5200 ,       3.3500 ,       3.3500 ,             
 WMAP_2013         ,          ,      56.5 ,           ,       0.3300 ,       3.8600 ,       3.8600 ,             
 WMAP_2013         ,          ,      65.5 ,           ,      -2.5300 ,       3.9900 ,       3.9900 ,             
 WMAP_2013         ,          ,      76.0 ,           ,      -9.4100 ,       4.4500 ,       4.4500 ,             
 WMAP_2013         ,          ,      87.0 ,           ,     -15.5400 ,       5.1900 ,       5.1900 ,             
 WMAP_2013         ,          ,      98.5 ,           ,     -19.9900 ,       5.7700 ,       5.7700 ,             
 WMAP_2013         ,          ,     111.0 ,           ,     -31.9600 ,       6.4300 ,       6.4300 ,             
 WMAP_2013         ,          ,     125.0 ,           ,     -41.6100 ,       6.9700 ,       6.9700 ,             
 WMAP_2013         ,          ,     140.0 ,           ,     -49.9200 ,       8.0700 ,       8.0700 ,             
 WMAP_2013         ,          ,     155.5 ,           ,     -35.9000 ,       8.9300 ,       8.9300 ,             
 WMAP_2013         ,          ,     172.5 ,           ,     -55.3500 ,       9.6000 ,       9.6000 ,             
 WMAP_2013         ,          ,     191.0 ,           ,     -38.6800 ,      10.5700 ,      10.5700 ,             
 WMAP_2013         ,          ,     210.5 ,           ,       1.0600 ,      11.5200 ,      11.5200 ,             
 WMAP_2013         ,          ,     231.0 ,           ,      20.6700 ,      12.4000 ,      12.4000 ,             
 WMAP_2013         ,          ,     253.5 ,           ,      58.9800 ,      12.5900 ,      12.5900 ,             
 WMAP_2013         ,          ,     278.0 ,           ,      98.7400 ,      13.0800 ,      13.0800 ,             
 WMAP_2013         ,          ,     304.0 ,           ,     103.6000 ,      12.9600 ,      12.9600 ,             
 WMAP_2013         ,          ,     332.5 ,           ,     111.4000 ,      12.3500 ,      12.3500 ,             
 WMAP_2013         ,          ,     363.5 ,           ,      67.5900 ,      12.0300 ,      12.0300 ,             
 WMAP_2013         ,          ,     397.5 ,           ,       2.1100 ,      12.2300 ,      12.2300 ,             
 WMAP_2013         ,          ,     436.0 ,           ,     -80.4600 ,      14.0600 ,      14.0600 ,             
 WMAP_2013         ,          ,     479.5 ,           ,     -56.3900 ,      17.8200 ,      17.8200 ,             
 WMAP_2013         ,          ,     529.0 ,           ,     -55.5100 ,      23.1700 ,      23.1700 ,             
 WMAP_2013         ,          ,     587.5 ,           ,      41.8700 ,      28.0800 ,      28.0800 ,             
 WMAP_2013         ,          ,     659.0 ,           ,    -103.2500 ,      37.0500 ,      37.0500 ,             
 WMAP_2013         ,          ,     749.5 ,           ,    -130.9100 ,      59.5100 ,      59.5100 ,             
 WMAP_2013         ,          ,     850.5 ,           ,      85.7200 ,     113.8000 ,     113.8000 ,             
 WMAP_2013         ,          ,     950.5 ,           ,      88.4900 ,     206.3200 ,     206.3200 ,             
