#Measurements of the TE power spectrum, power is l(l+1) C_l / 2pi in uK^2
#
   Experiment      ,    l_min ,  l_center ,     l_max ,       Power  ,  Sigma_minus ,   Sigma_plus ,    Upper Limit
ACTPol_2016        ,          ,     350.0 ,           ,      85.4500 ,      19.0900 ,      19.0900 ,             
ACTPol_2016        ,          ,     400.0 ,           ,      -9.4400 ,      15.6700 ,      15.6700 ,             
ACTPol_2016        ,          ,     450.0 ,           ,     -65.7300 ,      14.1600 ,      14.1600 ,             
ACTPol_2016        ,          ,     500.0 ,           ,     -43.8900 ,      12.5500 ,      12.5500 ,             
ACTPol_2016        ,          ,     550.0 ,           ,      16.6500 ,      11.8800 ,      11.8800 ,             
ACTPol_2016        ,          ,     600.0 ,           ,      32.5700 ,      13.6000 ,      13.6000 ,             
ACTPol_2016        ,          ,     650.0 ,           ,     -16.8300 ,      14.8900 ,      14.8900 ,             
ACTPol_2016        ,          ,     700.0 ,           ,     -76.5800 ,      14.7200 ,      14.7200 ,             
ACTPol_2016        ,          ,     750.0 ,           ,    -142.7200 ,      14.4000 ,      14.4000 ,             
ACTPol_2016        ,          ,     800.0 ,           ,     -79.9600 ,      11.3700 ,      11.3700 ,             
ACTPol_2016        ,          ,     850.0 ,           ,     -13.0400 ,      10.7600 ,      10.7600 ,             
ACTPol_2016        ,          ,     900.0 ,           ,      47.2600 ,      10.4600 ,      10.4600 ,             
ACTPol_2016        ,          ,     950.0 ,           ,      40.6700 ,      10.7600 ,      10.7600 ,             
ACTPol_2016        ,          ,    1000.0 ,           ,     -24.7100 ,       9.8500 ,       9.8500 ,             
ACTPol_2016        ,          ,    1050.0 ,           ,     -69.5800 ,       9.0700 ,       9.0700 ,             
ACTPol_2016        ,          ,    1100.0 ,           ,     -78.7600 ,       8.5000 ,       8.5000 ,             
ACTPol_2016        ,          ,    1150.0 ,           ,     -32.9900 ,       7.2200 ,       7.2200 ,             
ACTPol_2016        ,          ,    1200.0 ,           ,       7.4200 ,       7.1700 ,       7.1700 ,             
ACTPol_2016        ,          ,    1250.0 ,           ,     -21.5400 ,       7.0800 ,       7.0800 ,             
ACTPol_2016        ,          ,    1300.0 ,           ,     -37.2900 ,       7.1400 ,       7.1400 ,             
ACTPol_2016        ,          ,    1350.0 ,           ,     -71.0900 ,       6.8500 ,       6.8500 ,             
ACTPol_2016        ,          ,    1400.0 ,           ,     -45.5700 ,       6.2500 ,       6.2500 ,             
ACTPol_2016        ,          ,    1450.0 ,           ,     -31.3600 ,       5.7400 ,       5.7400 ,             
ACTPol_2016        ,          ,    1500.0 ,           ,      -3.5900 ,       5.1300 ,       5.1300 ,             
ACTPol_2016        ,          ,    1550.0 ,           ,      -1.4400 ,       5.1200 ,       5.1200 ,             
ACTPol_2016        ,          ,    1600.0 ,           ,      -9.4200 ,       4.9000 ,       4.9000 ,             
ACTPol_2016        ,          ,    1650.0 ,           ,     -21.9900 ,       4.6000 ,       4.6000 ,             
ACTPol_2016        ,          ,    1700.0 ,           ,     -31.5400 ,       4.2200 ,       4.2200 ,             
ACTPol_2016        ,          ,    1750.0 ,           ,     -16.6000 ,       3.9300 ,       3.9300 ,             
ACTPol_2016        ,          ,    1800.0 ,           ,      -9.7800 ,       3.7700 ,       3.7700 ,             
ACTPol_2016        ,          ,    1850.0 ,           ,      -7.2100 ,       3.7400 ,       3.7400 ,             
ACTPol_2016        ,          ,    1900.0 ,           ,     -16.6600 ,       3.7500 ,       3.7500 ,             
ACTPol_2016        ,          ,    1950.0 ,           ,     -22.8400 ,       3.4800 ,       3.4800 ,             
ACTPol_2016        ,          ,    2000.0 ,           ,     -15.2400 ,       3.4700 ,       3.4700 ,             
ACTPol_2016        ,          ,    2075.0 ,           ,     -14.2900 ,       2.2400 ,       2.2400 ,             
ACTPol_2016        ,          ,    2175.0 ,           ,      -5.1000 ,       2.0400 ,       2.0400 ,             
ACTPol_2016        ,          ,    2275.0 ,           ,      -5.4400 ,       1.9600 ,       1.9600 ,             
ACTPol_2016        ,          ,    2375.0 ,           ,      -9.0100 ,       1.8400 ,       1.8400 ,             
ACTPol_2016        ,          ,    2475.0 ,           ,      -0.2200 ,       1.7300 ,       1.7300 ,             
ACTPol_2016        ,          ,    2625.0 ,           ,      -3.5600 ,       1.1800 ,       1.1800 ,             
ACTPol_2016        ,          ,    2825.0 ,           ,      -1.7900 ,       1.0800 ,       1.0800 ,             
ACTPol_2016        ,          ,    3025.0 ,           ,      -2.4500 ,       1.1400 ,       1.1400 ,             
ACTPol_2016        ,          ,    3325.0 ,           ,       1.4000 ,       0.8500 ,       0.8500 ,             
ACTPol_2016        ,          ,    3725.0 ,           ,      -1.4400 ,       0.9300 ,       0.9300 ,             
ACTPol_2016        ,          ,    4125.0 ,           ,       0.4900 ,       1.1500 ,       1.1500 ,             
BICEP2/Keck_2015   ,          ,      45.3 ,           ,       3.1700 ,       2.3900 ,       2.3900 ,             
BICEP2/Keck_2015   ,          ,      74.2 ,           ,      -5.1500 ,       3.1600 ,       3.1600 ,             
BICEP2/Keck_2015   ,          ,     109.2 ,           ,     -31.0000 ,       5.2700 ,       5.2700 ,             
BICEP2/Keck_2015   ,          ,     144.3 ,           ,     -49.4000 ,       5.7400 ,       5.7400 ,             
BICEP2/Keck_2015   ,          ,     179.1 ,           ,     -26.7000 ,       5.3100 ,       5.3100 ,             
BICEP2/Keck_2015   ,          ,     213.7 ,           ,      17.1000 ,       5.7600 ,       5.7600 ,             
BICEP2/Keck_2015   ,          ,     248.4 ,           ,      56.8000 ,       7.0500 ,       7.0500 ,             
BICEP2/Keck_2015   ,          ,     283.0 ,           ,     111.0000 ,       8.4400 ,       8.4400 ,             
BICEP2/Keck_2015   ,          ,     317.2 ,           ,     145.0000 ,      11.3000 ,      11.3000 ,             
Planck_2015        ,          ,       2.0 ,           ,       0.8300 ,       3.9800 ,       3.9800 ,             
Planck_2015        ,          ,       3.0 ,           ,       0.6800 ,       3.8000 ,       3.8000 ,             
Planck_2015        ,          ,       4.0 ,           ,       3.8500 ,       3.7500 ,       3.7500 ,             
Planck_2015        ,          ,       5.0 ,           ,       5.3400 ,       3.5000 ,       3.5000 ,             
Planck_2015        ,          ,       6.0 ,           ,      -3.2200 ,       3.4500 ,       3.4500 ,             
Planck_2015        ,          ,       7.0 ,           ,      -0.7300 ,       3.4000 ,       3.4000 ,             
Planck_2015        ,          ,       8.0 ,           ,       5.9800 ,       3.4900 ,       3.4900 ,             
Planck_2015        ,          ,       9.0 ,           ,      11.8000 ,       3.5600 ,       3.5600 ,             
Planck_2015        ,          ,      10.0 ,           ,       7.0900 ,       3.7000 ,       3.7000 ,             
Planck_2015        ,          ,      11.0 ,           ,       9.0200 ,       3.8000 ,       3.8000 ,             
Planck_2015        ,          ,      12.0 ,           ,      -2.6900 ,       3.9500 ,       3.9500 ,             
Planck_2015        ,          ,      13.0 ,           ,       1.2200 ,       4.0800 ,       4.0800 ,             
Planck_2015        ,          ,      14.0 ,           ,       7.5300 ,       4.2200 ,       4.2200 ,             
Planck_2015        ,          ,      15.0 ,           ,      -6.7900 ,       4.3600 ,       4.3600 ,             
Planck_2015        ,          ,      16.0 ,           ,       2.5100 ,       4.5000 ,       4.5000 ,             
Planck_2015        ,          ,      17.0 ,           ,       4.8700 ,       4.6500 ,       4.6500 ,             
Planck_2015        ,          ,      18.0 ,           ,       9.2800 ,       4.8000 ,       4.8000 ,             
Planck_2015        ,          ,      19.0 ,           ,       5.0800 ,       4.9500 ,       4.9500 ,             
Planck_2015        ,          ,      20.0 ,           ,       8.4100 ,       5.1000 ,       5.1000 ,             
Planck_2015        ,          ,      21.0 ,           ,      10.4300 ,       5.2600 ,       5.2600 ,             
Planck_2015        ,          ,      22.0 ,           ,      -1.7400 ,       5.4100 ,       5.4100 ,             
Planck_2015        ,          ,      23.0 ,           ,      -0.4200 ,       5.5800 ,       5.5800 ,             
Planck_2015        ,          ,      24.0 ,           ,       5.9800 ,       5.7400 ,       5.7400 ,             
Planck_2015        ,          ,      25.0 ,           ,      -4.7000 ,       5.9100 ,       5.9100 ,             
Planck_2015        ,          ,      26.0 ,           ,       5.9700 ,       6.0700 ,       6.0700 ,             
Planck_2015        ,          ,      27.0 ,           ,      -6.7100 ,       6.2700 ,       6.2700 ,             
Planck_2015        ,          ,      28.0 ,           ,       4.8900 ,       6.4400 ,       6.4400 ,             
Planck_2015        ,          ,      29.0 ,           ,      11.6300 ,       6.6500 ,       6.6500 ,             
Planck_2015        ,          ,      47.7 ,           ,       0.6700 ,       0.6400 ,       0.6400 ,             
Planck_2015        ,          ,      76.5 ,           ,      -7.5400 ,       0.8400 ,       0.8400 ,             
Planck_2015        ,          ,     105.9 ,           ,     -27.6800 ,       1.1600 ,       1.1600 ,             
Planck_2015        ,          ,     135.6 ,           ,     -41.6700 ,       1.4200 ,       1.4200 ,             
Planck_2015        ,          ,     165.4 ,           ,     -46.9400 ,       1.5000 ,       1.5000 ,             
Planck_2015        ,          ,     195.3 ,           ,     -19.8700 ,       1.4800 ,       1.4800 ,             
Planck_2015        ,          ,     225.2 ,           ,      21.6400 ,       1.6200 ,       1.6200 ,             
Planck_2015        ,          ,     255.1 ,           ,      68.9700 ,       2.0000 ,       2.0000 ,             
Planck_2015        ,          ,     285.0 ,           ,     108.0800 ,       2.3800 ,       2.3800 ,             
Planck_2015        ,          ,     315.0 ,           ,     119.0100 ,       2.5100 ,       2.5100 ,             
Planck_2015        ,          ,     344.9 ,           ,      93.9600 ,       2.3700 ,       2.3700 ,             
Planck_2015        ,          ,     374.9 ,           ,      47.1000 ,       2.1100 ,       2.1100 ,             
Planck_2015        ,          ,     404.9 ,           ,      -7.7800 ,       1.9300 ,       1.9300 ,             
Planck_2015        ,          ,     434.8 ,           ,     -54.6700 ,       1.9000 ,       1.9000 ,             
Planck_2015        ,          ,     464.8 ,           ,     -76.4500 ,       1.9000 ,       1.9000 ,             
Planck_2015        ,          ,     494.8 ,           ,     -63.8500 ,       1.8300 ,       1.8300 ,             
Planck_2015        ,          ,     524.8 ,           ,     -31.3700 ,       1.7000 ,       1.7000 ,             
Planck_2015        ,          ,     554.8 ,           ,       4.8400 ,       1.7900 ,       1.7900 ,             
Planck_2015        ,          ,     584.8 ,           ,      26.1300 ,       1.9600 ,       1.9600 ,             
Planck_2015        ,          ,     614.7 ,           ,      24.1400 ,       2.0900 ,       2.0900 ,             
Planck_2015        ,          ,     644.7 ,           ,      -4.5900 ,       2.1700 ,       2.1700 ,             
Planck_2015        ,          ,     674.7 ,           ,     -58.6800 ,       2.2500 ,       2.2500 ,             
Planck_2015        ,          ,     704.7 ,           ,     -98.4500 ,       2.3600 ,       2.3600 ,             
Planck_2015        ,          ,     734.7 ,           ,    -127.3700 ,       2.4400 ,       2.4400 ,             
Planck_2015        ,          ,     764.7 ,           ,    -122.1100 ,       2.4400 ,       2.4400 ,             
Planck_2015        ,          ,     794.7 ,           ,     -94.6900 ,       2.3800 ,       2.3800 ,             
Planck_2015        ,          ,     824.7 ,           ,     -46.8000 ,       2.3300 ,       2.3300 ,             
Planck_2015        ,          ,     854.7 ,           ,       5.1700 ,       2.3300 ,       2.3300 ,             
Planck_2015        ,          ,     884.7 ,           ,      44.4400 ,       2.3600 ,       2.3600 ,             
Planck_2015        ,          ,     914.7 ,           ,      60.2200 ,       2.3400 ,       2.3400 ,             
Planck_2015        ,          ,     944.7 ,           ,      46.2200 ,       2.2700 ,       2.2700 ,             
Planck_2015        ,          ,     974.7 ,           ,      13.6600 ,       2.1700 ,       2.1700 ,             
Planck_2015        ,          ,    1004.6 ,           ,     -35.1200 ,       2.2700 ,       2.2700 ,             
Planck_2015        ,          ,    1034.6 ,           ,     -58.4400 ,       2.3600 ,       2.3600 ,             
Planck_2015        ,          ,    1064.6 ,           ,     -80.0400 ,       2.4300 ,       2.4300 ,             
Planck_2015        ,          ,    1094.6 ,           ,     -70.6100 ,       2.5000 ,       2.5000 ,             
Planck_2015        ,          ,    1124.6 ,           ,     -49.6700 ,       2.5500 ,       2.5500 ,             
Planck_2015        ,          ,    1154.6 ,           ,     -24.8300 ,       2.5900 ,       2.5900 ,             
Planck_2015        ,          ,    1184.6 ,           ,      -9.1000 ,       2.5900 ,       2.5900 ,             
Planck_2015        ,          ,    1214.6 ,           ,       1.3900 ,       2.5700 ,       2.5700 ,             
Planck_2015        ,          ,    1244.6 ,           ,      -0.4200 ,       2.5400 ,       2.5400 ,             
Planck_2015        ,          ,    1274.6 ,           ,     -14.7900 ,       2.5300 ,       2.5300 ,             
Planck_2015        ,          ,    1304.6 ,           ,     -38.6700 ,       2.5700 ,       2.5700 ,             
Planck_2015        ,          ,    1334.6 ,           ,     -52.3000 ,       2.6700 ,       2.6700 ,             
Planck_2015        ,          ,    1364.6 ,           ,     -62.4100 ,       2.8100 ,       2.8100 ,             
Planck_2015        ,          ,    1394.6 ,           ,     -57.8700 ,       2.9600 ,       2.9600 ,             
Planck_2015        ,          ,    1424.6 ,           ,     -45.1000 ,       3.0800 ,       3.0800 ,             
Planck_2015        ,          ,    1454.6 ,           ,     -28.0800 ,       3.1700 ,       3.1700 ,             
Planck_2015        ,          ,    1484.6 ,           ,      -5.5300 ,       3.2100 ,       3.2100 ,             
Planck_2015        ,          ,    1514.6 ,           ,       5.4000 ,       3.2200 ,       3.2200 ,             
Planck_2015        ,          ,    1544.6 ,           ,       5.5500 ,       3.2200 ,       3.2200 ,             
Planck_2015        ,          ,    1574.6 ,           ,      -4.8700 ,       3.2400 ,       3.2400 ,             
Planck_2015        ,          ,    1604.6 ,           ,      -8.8400 ,       3.3000 ,       3.3000 ,             
Planck_2015        ,          ,    1634.6 ,           ,     -24.9900 ,       3.4300 ,       3.4300 ,             
Planck_2015        ,          ,    1664.6 ,           ,     -24.0700 ,       3.6100 ,       3.6100 ,             
Planck_2015        ,          ,    1694.6 ,           ,     -28.6200 ,       3.8400 ,       3.8400 ,             
Planck_2015        ,          ,    1724.6 ,           ,     -28.4100 ,       4.0700 ,       4.0700 ,             
Planck_2015        ,          ,    1754.6 ,           ,     -14.1100 ,       4.3100 ,       4.3100 ,             
Planck_2015        ,          ,    1784.6 ,           ,     -14.2700 ,       4.5400 ,       4.5400 ,             
Planck_2015        ,          ,    1814.6 ,           ,      -3.4300 ,       4.7600 ,       4.7600 ,             
Planck_2015        ,          ,    1844.6 ,           ,      -4.7400 ,       5.0000 ,       5.0000 ,             
Planck_2015        ,          ,    1874.6 ,           ,       2.0900 ,       5.2600 ,       5.2600 ,             
Planck_2015        ,          ,    1904.6 ,           ,     -10.3600 ,       5.5700 ,       5.5700 ,             
Planck_2015        ,          ,    1934.6 ,           ,      -2.5800 ,       5.9500 ,       5.9500 ,             
Planck_2015        ,          ,    1964.6 ,           ,     -20.2900 ,       6.3800 ,       6.3800 ,             
Planck_2015        ,          ,    1988.0 ,           ,     -29.9100 ,       9.0700 ,       9.0700 ,             
SPTpol_2015        ,          ,     521.0 ,           ,     -60.1600 ,      20.5400 ,      20.5400 ,             
SPTpol_2015        ,          ,     572.0 ,           ,       8.0900 ,      22.7800 ,      22.7800 ,             
SPTpol_2015        ,          ,     622.0 ,           ,     -23.2500 ,      27.6200 ,      27.6200 ,             
SPTpol_2015        ,          ,     672.0 ,           ,     -42.2700 ,      28.9500 ,      28.9500 ,             
SPTpol_2015        ,          ,     722.0 ,           ,    -110.6900 ,      30.0800 ,      30.0800 ,             
SPTpol_2015        ,          ,     772.0 ,           ,    -101.1000 ,      25.7600 ,      25.7600 ,             
SPTpol_2015        ,          ,     822.0 ,           ,     -71.3900 ,      20.1900 ,      20.1900 ,             
SPTpol_2015        ,          ,     872.0 ,           ,       1.9400 ,      20.5800 ,      20.5800 ,             
SPTpol_2015        ,          ,     923.0 ,           ,      61.1700 ,      20.7700 ,      20.7700 ,             
SPTpol_2015        ,          ,     973.0 ,           ,     -24.5600 ,      20.3700 ,      20.3700 ,             
SPTpol_2015        ,          ,    1023.0 ,           ,     -56.1600 ,      18.9100 ,      18.9100 ,             
SPTpol_2015        ,          ,    1073.0 ,           ,    -100.4600 ,      16.7900 ,      16.7900 ,             
SPTpol_2015        ,          ,    1123.0 ,           ,     -62.2200 ,      13.6700 ,      13.6700 ,             
SPTpol_2015        ,          ,    1173.0 ,           ,     -19.0700 ,      11.8000 ,      11.8000 ,             
SPTpol_2015        ,          ,    1223.0 ,           ,      18.6900 ,      12.1800 ,      12.1800 ,             
SPTpol_2015        ,          ,    1273.0 ,           ,     -23.5400 ,      12.7700 ,      12.7700 ,             
SPTpol_2015        ,          ,    1323.0 ,           ,     -57.3400 ,      12.1100 ,      12.1100 ,             
SPTpol_2015        ,          ,    1373.0 ,           ,     -38.7800 ,      10.9100 ,      10.9100 ,             
SPTpol_2015        ,          ,    1423.0 ,           ,     -45.7500 ,       9.1800 ,       9.1800 ,             
SPTpol_2015        ,          ,    1473.0 ,           ,      -6.1900 ,       8.0800 ,       8.0800 ,             
SPTpol_2015        ,          ,    1523.0 ,           ,      -2.3900 ,       7.8700 ,       7.8700 ,             
SPTpol_2015        ,          ,    1573.0 ,           ,       8.9200 ,       7.6900 ,       7.6900 ,             
SPTpol_2015        ,          ,    1623.0 ,           ,     -12.3300 ,       6.9300 ,       6.9300 ,             
SPTpol_2015        ,          ,    1673.0 ,           ,     -33.5200 ,       6.5900 ,       6.5900 ,             
SPTpol_2015        ,          ,    1723.0 ,           ,     -23.3300 ,       5.8800 ,       5.8800 ,             
SPTpol_2015        ,          ,    1773.0 ,           ,     -15.9800 ,       4.8600 ,       4.8600 ,             
SPTpol_2015        ,          ,    1823.0 ,           ,      -4.2300 ,       4.8200 ,       4.8200 ,             
SPTpol_2015        ,          ,    1873.0 ,           ,      -0.0100 ,       4.5500 ,       4.5500 ,             
SPTpol_2015        ,          ,    1923.0 ,           ,     -10.5500 ,       4.1600 ,       4.1600 ,             
SPTpol_2015        ,          ,    1974.0 ,           ,     -14.4800 ,       3.9600 ,       3.9600 ,             
SPTpol_2015        ,          ,    2047.0 ,           ,     -15.3800 ,       2.4200 ,       2.4200 ,             
SPTpol_2015        ,          ,    2147.0 ,           ,      -2.7000 ,       1.9700 ,       1.9700 ,             
SPTpol_2015        ,          ,    2247.0 ,           ,      -4.6300 ,       1.9100 ,       1.9100 ,             
SPTpol_2015        ,          ,    2348.0 ,           ,      -8.5900 ,       1.6900 ,       1.6900 ,             
SPTpol_2015        ,          ,    2448.0 ,           ,      -1.0600 ,       1.5200 ,       1.5200 ,             
SPTpol_2015        ,          ,    2745.0 ,           ,      -3.0700 ,       0.5500 ,       0.5500 ,             
SPTpol_2015        ,          ,    3246.0 ,           ,      -0.5300 ,       0.4800 ,       0.4800 ,             
SPTpol_2015        ,          ,    3746.0 ,           ,      -0.1300 ,       0.5500 ,       0.5500 ,             
SPTpol_2015        ,          ,    4246.0 ,           ,       1.0500 ,       0.6900 ,       0.6900 ,             
SPTpol_2015        ,          ,    4747.0 ,           ,      -0.0700 ,       0.8300 ,       0.8300 ,             
WMAP_2013          ,          ,       4.5 ,           ,       2.6500 ,       1.1200 ,       1.1200 ,             
WMAP_2013          ,          ,      10.5 ,           ,       0.3100 ,       1.5500 ,       1.5500 ,             
WMAP_2013          ,          ,      17.0 ,           ,       2.1000 ,       1.7100 ,       1.7100 ,             
WMAP_2013          ,          ,      22.5 ,           ,      -4.2000 ,       2.6500 ,       2.6500 ,             
WMAP_2013          ,          ,      27.5 ,           ,       4.8200 ,       2.4700 ,       2.4700 ,             
WMAP_2013          ,          ,      33.5 ,           ,      -0.1000 ,       2.8600 ,       2.8600 ,             
WMAP_2013          ,          ,      40.5 ,           ,       2.5700 ,       2.8700 ,       2.8700 ,             
WMAP_2013          ,          ,      48.5 ,           ,      -3.5200 ,       3.3500 ,       3.3500 ,             
WMAP_2013          ,          ,      56.5 ,           ,       0.3300 ,       3.8600 ,       3.8600 ,             
WMAP_2013          ,          ,      65.5 ,           ,      -2.5300 ,       3.9900 ,       3.9900 ,             
WMAP_2013          ,          ,      76.0 ,           ,      -9.4100 ,       4.4500 ,       4.4500 ,             
WMAP_2013          ,          ,      87.0 ,           ,     -15.5400 ,       5.1900 ,       5.1900 ,             
WMAP_2013          ,          ,      98.5 ,           ,     -19.9900 ,       5.7700 ,       5.7700 ,             
WMAP_2013          ,          ,     111.0 ,           ,     -31.9600 ,       6.4300 ,       6.4300 ,             
WMAP_2013          ,          ,     125.0 ,           ,     -41.6100 ,       6.9700 ,       6.9700 ,             
WMAP_2013          ,          ,     140.0 ,           ,     -49.9200 ,       8.0700 ,       8.0700 ,             
WMAP_2013          ,          ,     155.5 ,           ,     -35.9000 ,       8.9300 ,       8.9300 ,             
WMAP_2013          ,          ,     172.5 ,           ,     -55.3500 ,       9.6000 ,       9.6000 ,             
WMAP_2013          ,          ,     191.0 ,           ,     -38.6800 ,      10.5700 ,      10.5700 ,             
WMAP_2013          ,          ,     210.5 ,           ,       1.0600 ,      11.5200 ,      11.5200 ,             
WMAP_2013          ,          ,     231.0 ,           ,      20.6700 ,      12.4000 ,      12.4000 ,             
WMAP_2013          ,          ,     253.5 ,           ,      58.9800 ,      12.5900 ,      12.5900 ,             
WMAP_2013          ,          ,     278.0 ,           ,      98.7400 ,      13.0800 ,      13.0800 ,             
WMAP_2013          ,          ,     304.0 ,           ,     103.6000 ,      12.9600 ,      12.9600 ,             
WMAP_2013          ,          ,     332.5 ,           ,     111.4000 ,      12.3500 ,      12.3500 ,             
WMAP_2013          ,          ,     363.5 ,           ,      67.5900 ,      12.0300 ,      12.0300 ,             
WMAP_2013          ,          ,     397.5 ,           ,       2.1100 ,      12.2300 ,      12.2300 ,             
WMAP_2013          ,          ,     436.0 ,           ,     -80.4600 ,      14.0600 ,      14.0600 ,             
WMAP_2013          ,          ,     479.5 ,           ,     -56.3900 ,      17.8200 ,      17.8200 ,             
WMAP_2013          ,          ,     529.0 ,           ,     -55.5100 ,      23.1700 ,      23.1700 ,             
WMAP_2013          ,          ,     587.5 ,           ,      41.8700 ,      28.0800 ,      28.0800 ,             
WMAP_2013          ,          ,     659.0 ,           ,    -103.2500 ,      37.0500 ,      37.0500 ,             
WMAP_2013          ,          ,     749.5 ,           ,    -130.9100 ,      59.5100 ,      59.5100 ,             
WMAP_2013          ,          ,     850.5 ,           ,      85.7200 ,     113.8000 ,     113.8000 ,             
WMAP_2013          ,          ,     950.5 ,           ,      88.4900 ,     206.3200 ,     206.3200 ,             
