#Measurements of the CMB-only TT power spectrum, power is l(l+1) C_l / 2pi in uK^2
#
   Experiment      ,    l_min ,  l_center ,     l_max ,       Power  ,  Sigma_minus ,   Sigma_plus ,    Upper Limit
ACTPol             ,          ,     500.0 ,           ,    2211.2000 ,     208.4000 ,     208.4000 ,             
ACTPol             ,          ,     550.0 ,           ,    2468.0000 ,     194.7000 ,     194.7000 ,             
ACTPol             ,          ,     600.0 ,           ,    2289.3000 ,     153.1000 ,     153.1000 ,             
ACTPol             ,          ,     650.0 ,           ,    1977.6000 ,     134.3000 ,     134.3000 ,             
ACTPol             ,          ,     700.0 ,           ,    1870.7000 ,     125.7000 ,     125.7000 ,             
ACTPol             ,          ,     750.0 ,           ,    2242.3000 ,     135.5000 ,     135.5000 ,             
ACTPol             ,          ,     800.0 ,           ,    2564.3999 ,     143.7000 ,     143.7000 ,             
ACTPol             ,          ,     850.0 ,           ,    2521.5000 ,     137.8000 ,     137.8000 ,             
ACTPol             ,          ,     900.0 ,           ,    1902.2000 ,      95.7000 ,      95.7000 ,             
ACTPol             ,          ,     950.0 ,           ,    1373.1000 ,      73.8000 ,      73.8000 ,             
ACTPol             ,          ,    1000.0 ,           ,    1017.2000 ,      62.0000 ,      62.0000 ,             
ACTPol             ,          ,    1050.0 ,           ,    1003.7000 ,      59.6000 ,      59.6000 ,             
ACTPol             ,          ,    1100.0 ,           ,    1298.3000 ,      60.8000 ,      60.8000 ,             
ACTPol             ,          ,    1150.0 ,           ,    1202.2000 ,      59.0000 ,      59.0000 ,             
ACTPol             ,          ,    1200.0 ,           ,     990.8000 ,      51.1000 ,      51.1000 ,             
ACTPol             ,          ,    1250.0 ,           ,     849.4000 ,      38.1000 ,      38.1000 ,             
ACTPol             ,          ,    1300.0 ,           ,     654.2000 ,      36.3000 ,      36.3000 ,             
ACTPol             ,          ,    1350.0 ,           ,     825.5000 ,      36.4000 ,      36.4000 ,             
ACTPol             ,          ,    1400.0 ,           ,     836.3000 ,      38.1000 ,      38.1000 ,             
ACTPol             ,          ,    1450.0 ,           ,     774.6000 ,      36.1000 ,      36.1000 ,             
ACTPol             ,          ,    1500.0 ,           ,     645.4000 ,      29.6000 ,      29.6000 ,             
ACTPol             ,          ,    1550.0 ,           ,     510.0000 ,      24.1000 ,      24.1000 ,             
ACTPol             ,          ,    1600.0 ,           ,     445.0000 ,      20.0000 ,      20.0000 ,             
ACTPol             ,          ,    1650.0 ,           ,     408.9000 ,      19.4000 ,      19.4000 ,             
ACTPol             ,          ,    1700.0 ,           ,     377.5000 ,      18.5000 ,      18.5000 ,             
ACTPol             ,          ,    1750.0 ,           ,     383.9000 ,      17.3000 ,      17.3000 ,             
ACTPol             ,          ,    1800.0 ,           ,     351.0000 ,      16.1000 ,      16.1000 ,             
ACTPol             ,          ,    1850.0 ,           ,     290.4000 ,      14.3000 ,      14.3000 ,             
ACTPol             ,          ,    1900.0 ,           ,     247.9000 ,      12.5000 ,      12.5000 ,             
ACTPol             ,          ,    1950.0 ,           ,     253.8000 ,      11.8000 ,      11.8000 ,             
ACTPol             ,          ,    2000.0 ,           ,     234.2000 ,      11.8000 ,      11.8000 ,             
ACTPol             ,          ,    2075.0 ,           ,     223.3000 ,       7.5000 ,       7.5000 ,             
ACTPol             ,          ,    2175.0 ,           ,     151.2000 ,       6.1000 ,       6.1000 ,             
ACTPol             ,          ,    2275.0 ,           ,     114.8000 ,       5.1000 ,       5.1000 ,             
ACTPol             ,          ,    2375.0 ,           ,     103.7000 ,       4.9000 ,       4.9000 ,             
ACTPol             ,          ,    2475.0 ,           ,      84.2000 ,       4.2000 ,       4.2000 ,             
ACTPol             ,          ,    2625.0 ,           ,      63.3000 ,       2.6000 ,       2.6000 ,             
ACTPol             ,          ,    2825.0 ,           ,      35.7000 ,       2.3000 ,       2.3000 ,             
ACTPol             ,          ,    3025.0 ,           ,      24.9000 ,       2.0000 ,       2.0000 ,             
ACTPol             ,          ,    3325.0 ,           ,      13.1000 ,       1.5000 ,       1.5000 ,             
ACTPol             ,          ,    3725.0 ,           ,       3.2000 ,       1.4000 ,       1.4000 ,             
ACTPol             ,          ,    4125.0 ,           ,       0.4000 ,       1.5000 ,       1.5000 ,             
Planck_COM_PowerSp ,          ,       2.0 ,           ,     242.2000 ,     140.1000 ,     563.6000 ,             
Planck_COM_PowerSp ,          ,       3.0 ,           ,     886.2000 ,     424.2000 ,    1144.9000 ,             
Planck_COM_PowerSp ,          ,       4.0 ,           ,     728.1000 ,     307.9000 ,     697.0000 ,             
Planck_COM_PowerSp ,          ,       5.0 ,           ,    1391.6000 ,     530.0000 ,    1066.9000 ,             
Planck_COM_PowerSp ,          ,       6.0 ,           ,     542.6000 ,     191.8000 ,     357.9000 ,             
Planck_COM_PowerSp ,          ,       7.0 ,           ,    1122.7000 ,     367.3000 ,     647.2000 ,             
Planck_COM_PowerSp ,          ,       8.0 ,           ,     657.0000 ,     202.0000 ,     340.5000 ,             
Planck_COM_PowerSp ,          ,       9.0 ,           ,     649.0000 ,     191.1000 ,     310.9000 ,             
Planck_COM_PowerSp ,          ,      10.0 ,           ,     874.7000 ,     244.1000 ,     385.7000 ,             
Planck_COM_PowerSp ,          ,      11.0 ,           ,     986.0000 ,     262.2000 ,     403.9000 ,             
Planck_COM_PowerSp ,          ,      12.0 ,           ,     783.1000 ,     201.5000 ,     303.9000 ,             
Planck_COM_PowerSp ,          ,      13.0 ,           ,     678.7000 ,     168.7000 ,     250.1000 ,             
Planck_COM_PowerSp ,          ,      14.0 ,           ,     824.5000 ,     196.5000 ,     286.5000 ,             
Planck_COM_PowerSp ,          ,      15.0 ,           ,     877.4000 ,     203.1000 ,     291.8000 ,             
Planck_COM_PowerSp ,          ,      16.0 ,           ,     703.9000 ,     162.5000 ,     230.9000 ,             
Planck_COM_PowerSp ,          ,      17.0 ,           ,     881.2000 ,     193.8000 ,     272.0000 ,             
Planck_COM_PowerSp ,          ,      18.0 ,           ,     680.0000 ,     146.8000 ,     204.0000 ,             
Planck_COM_PowerSp ,          ,      19.0 ,           ,     841.8000 ,     177.6000 ,     244.4000 ,             
Planck_COM_PowerSp ,          ,      20.0 ,           ,     763.3000 ,     156.4000 ,     213.1000 ,             
Planck_COM_PowerSp ,          ,      21.0 ,           ,     670.4000 ,     136.7000 ,     184.9000 ,             
Planck_COM_PowerSp ,          ,      22.0 ,           ,     600.5000 ,     120.8000 ,     162.2000 ,             
Planck_COM_PowerSp ,          ,      23.0 ,           ,     774.0000 ,     151.0000 ,     201.3000 ,             
Planck_COM_PowerSp ,          ,      24.0 ,           ,     822.6000 ,     156.2000 ,     207.0000 ,             
Planck_COM_PowerSp ,          ,      25.0 ,           ,     848.7000 ,     160.7000 ,     211.3000 ,             
Planck_COM_PowerSp ,          ,      26.0 ,           ,     903.5000 ,     166.7000 ,     217.8000 ,             
Planck_COM_PowerSp ,          ,      27.0 ,           ,     897.5000 ,     161.8000 ,     210.5000 ,             
Planck_COM_PowerSp ,          ,      28.0 ,           ,    1142.3000 ,     201.7000 ,     261.6000 ,             
Planck_COM_PowerSp ,          ,      29.0 ,           ,    1140.0000 ,     198.3000 ,     255.5000 ,             
Planck_Plik_lite   ,          ,      32.0 ,           ,    1108.7000 ,     117.7000 ,     117.7000 ,             
Planck_Plik_lite   ,          ,      37.0 ,           ,    1188.2000 ,     117.3000 ,     117.3000 ,             
Planck_Plik_lite   ,          ,      42.0 ,           ,    1437.5000 ,     118.3000 ,     118.3000 ,             
Planck_Plik_lite   ,          ,      47.0 ,           ,    1380.1000 ,     119.8000 ,     119.8000 ,             
Planck_Plik_lite   ,          ,      52.0 ,           ,    1333.3000 ,     122.2000 ,     122.2000 ,             
Planck_Plik_lite   ,          ,      57.0 ,           ,    1606.1000 ,     124.5000 ,     124.5000 ,             
Planck_Plik_lite   ,          ,      62.0 ,           ,    1677.5000 ,     127.6000 ,     127.6000 ,             
Planck_Plik_lite   ,          ,      67.0 ,           ,    1842.7000 ,     130.9000 ,     130.9000 ,             
Planck_Plik_lite   ,          ,      72.0 ,           ,    1987.1000 ,     134.5000 ,     134.5000 ,             
Planck_Plik_lite   ,          ,      77.0 ,           ,    1773.1000 ,     138.4000 ,     138.4000 ,             
Planck_Plik_lite   ,          ,      82.0 ,           ,    2175.3999 ,     143.1000 ,     143.1000 ,             
Planck_Plik_lite   ,          ,      87.0 ,           ,    2341.8999 ,     147.5000 ,     147.5000 ,             
Planck_Plik_lite   ,          ,      92.0 ,           ,    2459.5000 ,     152.5000 ,     152.5000 ,             
Planck_Plik_lite   ,          ,      97.0 ,           ,    2488.0000 ,     157.3000 ,     157.3000 ,             
Planck_Plik_lite   ,          ,     104.0 ,           ,    2962.3999 ,     119.7000 ,     119.7000 ,             
Planck_Plik_lite   ,          ,     113.0 ,           ,    3227.5000 ,     126.5000 ,     126.5000 ,             
Planck_Plik_lite   ,          ,     122.0 ,           ,    3388.5000 ,     133.7000 ,     133.7000 ,             
Planck_Plik_lite   ,          ,     131.0 ,           ,    3594.2000 ,     140.7000 ,     140.7000 ,             
Planck_Plik_lite   ,          ,     140.0 ,           ,    4233.3999 ,     147.5000 ,     147.5000 ,             
Planck_Plik_lite   ,          ,     149.0 ,           ,    4256.0000 ,     153.3000 ,     153.3000 ,             
Planck_Plik_lite   ,          ,     158.0 ,           ,    4782.1001 ,     158.8000 ,     158.8000 ,             
Planck_Plik_lite   ,          ,     167.0 ,           ,    4846.0000 ,     163.6000 ,     163.6000 ,             
Planck_Plik_lite   ,          ,     176.0 ,           ,    5127.3999 ,     167.0000 ,     167.0000 ,             
Planck_Plik_lite   ,          ,     185.0 ,           ,    5379.6001 ,     169.2000 ,     169.2000 ,             
Planck_Plik_lite   ,          ,     194.0 ,           ,    5550.7998 ,     170.3000 ,     170.3000 ,             
Planck_Plik_lite   ,          ,     203.0 ,           ,    5449.2998 ,     170.2000 ,     170.2000 ,             
Planck_Plik_lite   ,          ,     212.0 ,           ,    5636.2998 ,     168.5000 ,     168.5000 ,             
Planck_Plik_lite   ,          ,     221.0 ,           ,    5815.2002 ,     165.5000 ,     165.5000 ,             
Planck_Plik_lite   ,          ,     230.0 ,           ,    5689.5000 ,     161.3000 ,     161.3000 ,             
Planck_Plik_lite   ,          ,     239.0 ,           ,    5779.7002 ,     156.2000 ,     156.2000 ,             
Planck_Plik_lite   ,          ,     248.0 ,           ,    5433.7998 ,     150.0000 ,     150.0000 ,             
Planck_Plik_lite   ,          ,     257.0 ,           ,    5230.7998 ,     142.6000 ,     142.6000 ,             
Planck_Plik_lite   ,          ,     266.0 ,           ,    5091.7002 ,     135.0000 ,     135.0000 ,             
Planck_Plik_lite   ,          ,     275.0 ,           ,    5103.3999 ,     126.5000 ,     126.5000 ,             
Planck_Plik_lite   ,          ,     284.0 ,           ,    4548.6001 ,     118.0000 ,     118.0000 ,             
Planck_Plik_lite   ,          ,     293.0 ,           ,    4377.2998 ,     109.1000 ,     109.1000 ,             
Planck_Plik_lite   ,          ,     302.0 ,           ,    3933.8000 ,     100.3000 ,     100.3000 ,             
Planck_Plik_lite   ,          ,     311.0 ,           ,    3650.8999 ,      91.6000 ,      91.6000 ,             
Planck_Plik_lite   ,          ,     320.0 ,           ,    3411.0000 ,      83.2000 ,      83.2000 ,             
Planck_Plik_lite   ,          ,     329.0 ,           ,    3176.7000 ,      75.4000 ,      75.4000 ,             
Planck_Plik_lite   ,          ,     338.0 ,           ,    2844.6001 ,      68.1000 ,      68.1000 ,             
Planck_Plik_lite   ,          ,     347.0 ,           ,    2499.1001 ,      61.5000 ,      61.5000 ,             
Planck_Plik_lite   ,          ,     356.0 ,           ,    2359.3000 ,      55.6000 ,      55.6000 ,             
Planck_Plik_lite   ,          ,     365.0 ,           ,    2184.5000 ,      50.6000 ,      50.6000 ,             
Planck_Plik_lite   ,          ,     374.0 ,           ,    2039.5000 ,      46.5000 ,      46.5000 ,             
Planck_Plik_lite   ,          ,     383.0 ,           ,    1893.0000 ,      43.1000 ,      43.1000 ,             
Planck_Plik_lite   ,          ,     392.0 ,           ,    1787.9000 ,      40.8000 ,      40.8000 ,             
Planck_Plik_lite   ,          ,     401.0 ,           ,    1733.1000 ,      39.1000 ,      39.1000 ,             
Planck_Plik_lite   ,          ,     410.0 ,           ,    1739.6000 ,      38.2000 ,      38.2000 ,             
Planck_Plik_lite   ,          ,     419.0 ,           ,    1729.8000 ,      38.0000 ,      38.0000 ,             
Planck_Plik_lite   ,          ,     428.0 ,           ,    1769.2000 ,      38.3000 ,      38.3000 ,             
Planck_Plik_lite   ,          ,     437.0 ,           ,    1770.1000 ,      39.0000 ,      39.0000 ,             
Planck_Plik_lite   ,          ,     446.0 ,           ,    1856.9000 ,      40.1000 ,      40.1000 ,             
Planck_Plik_lite   ,          ,     455.0 ,           ,    2046.1000 ,      41.4000 ,      41.4000 ,             
Planck_Plik_lite   ,          ,     464.0 ,           ,    2224.6001 ,      42.8000 ,      42.8000 ,             
Planck_Plik_lite   ,          ,     473.0 ,           ,    2178.8999 ,      44.2000 ,      44.2000 ,             
Planck_Plik_lite   ,          ,     482.0 ,           ,    2324.8999 ,      45.5000 ,      45.5000 ,             
Planck_Plik_lite   ,          ,     491.0 ,           ,    2419.8000 ,      46.7000 ,      46.7000 ,             
Planck_Plik_lite   ,          ,     500.0 ,           ,    2447.7000 ,      47.8000 ,      47.8000 ,             
Planck_Plik_lite   ,          ,     509.0 ,           ,    2580.0000 ,      48.4000 ,      48.4000 ,             
Planck_Plik_lite   ,          ,     518.0 ,           ,    2557.3000 ,      48.8000 ,      48.8000 ,             
Planck_Plik_lite   ,          ,     527.0 ,           ,    2581.8000 ,      49.0000 ,      49.0000 ,             
Planck_Plik_lite   ,          ,     536.0 ,           ,    2523.7000 ,      48.8000 ,      48.8000 ,             
Planck_Plik_lite   ,          ,     545.0 ,           ,    2519.6001 ,      48.1000 ,      48.1000 ,             
Planck_Plik_lite   ,          ,     554.0 ,           ,    2564.1001 ,      47.4000 ,      47.4000 ,             
Planck_Plik_lite   ,          ,     563.0 ,           ,    2545.2000 ,      46.2000 ,      46.2000 ,             
Planck_Plik_lite   ,          ,     572.0 ,           ,    2413.7000 ,      44.9000 ,      44.9000 ,             
Planck_Plik_lite   ,          ,     581.0 ,           ,    2409.5000 ,      43.4000 ,      43.4000 ,             
Planck_Plik_lite   ,          ,     590.0 ,           ,    2373.2000 ,      41.8000 ,      41.8000 ,             
Planck_Plik_lite   ,          ,     599.0 ,           ,    2206.1001 ,      40.2000 ,      40.2000 ,             
Planck_Plik_lite   ,          ,     608.0 ,           ,    2118.8000 ,      38.5000 ,      38.5000 ,             
Planck_Plik_lite   ,          ,     617.0 ,           ,    2136.2000 ,      36.9000 ,      36.9000 ,             
Planck_Plik_lite   ,          ,     626.0 ,           ,    1953.4000 ,      35.4000 ,      35.4000 ,             
Planck_Plik_lite   ,          ,     635.0 ,           ,    1937.7000 ,      34.1000 ,      34.1000 ,             
Planck_Plik_lite   ,          ,     644.0 ,           ,    1857.6000 ,      32.9000 ,      32.9000 ,             
Planck_Plik_lite   ,          ,     653.0 ,           ,    1848.9000 ,      32.1000 ,      32.1000 ,             
Planck_Plik_lite   ,          ,     662.0 ,           ,    1849.7000 ,      31.4000 ,      31.4000 ,             
Planck_Plik_lite   ,          ,     671.0 ,           ,    1814.8000 ,      31.0000 ,      31.0000 ,             
Planck_Plik_lite   ,          ,     680.0 ,           ,    1761.0000 ,      30.8000 ,      30.8000 ,             
Planck_Plik_lite   ,          ,     689.0 ,           ,    1822.5000 ,      30.9000 ,      30.9000 ,             
Planck_Plik_lite   ,          ,     698.0 ,           ,    1887.0000 ,      31.3000 ,      31.3000 ,             
Planck_Plik_lite   ,          ,     707.0 ,           ,    1891.3000 ,      31.8000 ,      31.8000 ,             
Planck_Plik_lite   ,          ,     716.0 ,           ,    1909.2000 ,      32.4000 ,      32.4000 ,             
Planck_Plik_lite   ,          ,     725.0 ,           ,    1996.2000 ,      33.3000 ,      33.3000 ,             
Planck_Plik_lite   ,          ,     734.0 ,           ,    2051.3000 ,      34.2000 ,      34.2000 ,             
Planck_Plik_lite   ,          ,     743.0 ,           ,    2181.3999 ,      35.1000 ,      35.1000 ,             
Planck_Plik_lite   ,          ,     752.0 ,           ,    2258.6001 ,      36.1000 ,      36.1000 ,             
Planck_Plik_lite   ,          ,     761.0 ,           ,    2344.8000 ,      37.0000 ,      37.0000 ,             
Planck_Plik_lite   ,          ,     770.0 ,           ,    2348.2000 ,      37.7000 ,      37.7000 ,             
Planck_Plik_lite   ,          ,     779.0 ,           ,    2351.7000 ,      38.4000 ,      38.4000 ,             
Planck_Plik_lite   ,          ,     788.0 ,           ,    2483.3000 ,      38.8000 ,      38.8000 ,             
Planck_Plik_lite   ,          ,     797.0 ,           ,    2469.0000 ,      39.1000 ,      39.1000 ,             
Planck_Plik_lite   ,          ,     806.0 ,           ,    2495.1001 ,      39.3000 ,      39.3000 ,             
Planck_Plik_lite   ,          ,     815.0 ,           ,    2552.3999 ,      39.1000 ,      39.1000 ,             
Planck_Plik_lite   ,          ,     824.0 ,           ,    2520.8000 ,      38.8000 ,      38.8000 ,             
Planck_Plik_lite   ,          ,     833.0 ,           ,    2494.2000 ,      38.3000 ,      38.3000 ,             
Planck_Plik_lite   ,          ,     842.0 ,           ,    2504.6001 ,      37.4000 ,      37.4000 ,             
Planck_Plik_lite   ,          ,     851.0 ,           ,    2385.8000 ,      36.4000 ,      36.4000 ,             
Planck_Plik_lite   ,          ,     860.0 ,           ,    2353.3000 ,      35.3000 ,      35.3000 ,             
Planck_Plik_lite   ,          ,     869.0 ,           ,    2234.2000 ,      33.9000 ,      33.9000 ,             
Planck_Plik_lite   ,          ,     878.0 ,           ,    2167.8999 ,      32.5000 ,      32.5000 ,             
Planck_Plik_lite   ,          ,     887.0 ,           ,    2075.7000 ,      30.9000 ,      30.9000 ,             
Planck_Plik_lite   ,          ,     896.0 ,           ,    1951.0000 ,      29.3000 ,      29.3000 ,             
Planck_Plik_lite   ,          ,     905.0 ,           ,    1842.7000 ,      27.7000 ,      27.7000 ,             
Planck_Plik_lite   ,          ,     914.0 ,           ,    1747.8000 ,      26.1000 ,      26.1000 ,             
Planck_Plik_lite   ,          ,     923.0 ,           ,    1619.5000 ,      24.6000 ,      24.6000 ,             
Planck_Plik_lite   ,          ,     932.0 ,           ,    1560.7000 ,      23.1000 ,      23.1000 ,             
Planck_Plik_lite   ,          ,     941.0 ,           ,    1437.1000 ,      21.7000 ,      21.7000 ,             
Planck_Plik_lite   ,          ,     950.0 ,           ,    1341.0000 ,      20.4000 ,      20.4000 ,             
Planck_Plik_lite   ,          ,     959.0 ,           ,    1285.2000 ,      19.3000 ,      19.3000 ,             
Planck_Plik_lite   ,          ,     968.0 ,           ,    1233.2000 ,      18.3000 ,      18.3000 ,             
Planck_Plik_lite   ,          ,     977.0 ,           ,    1128.8000 ,      17.6000 ,      17.6000 ,             
Planck_Plik_lite   ,          ,     986.0 ,           ,    1105.1000 ,      16.9000 ,      16.9000 ,             
Planck_Plik_lite   ,          ,     995.0 ,           ,    1087.3000 ,      16.4000 ,      16.4000 ,             
Planck_Plik_lite   ,          ,    1004.0 ,           ,    1025.1000 ,      16.1000 ,      16.1000 ,             
Planck_Plik_lite   ,          ,    1013.0 ,           ,    1078.9000 ,      16.0000 ,      16.0000 ,             
Planck_Plik_lite   ,          ,    1022.0 ,           ,    1031.7000 ,      15.9000 ,      15.9000 ,             
Planck_Plik_lite   ,          ,    1031.0 ,           ,    1043.5000 ,      15.9000 ,      15.9000 ,             
Planck_Plik_lite   ,          ,    1040.0 ,           ,    1056.3000 ,      16.1000 ,      16.1000 ,             
Planck_Plik_lite   ,          ,    1049.0 ,           ,    1080.3000 ,      16.3000 ,      16.3000 ,             
Planck_Plik_lite   ,          ,    1058.0 ,           ,    1129.6000 ,      16.5000 ,      16.5000 ,             
Planck_Plik_lite   ,          ,    1067.0 ,           ,    1122.2000 ,      16.8000 ,      16.8000 ,             
Planck_Plik_lite   ,          ,    1076.0 ,           ,    1153.7000 ,      17.1000 ,      17.1000 ,             
Planck_Plik_lite   ,          ,    1085.0 ,           ,    1217.2000 ,      17.4000 ,      17.4000 ,             
Planck_Plik_lite   ,          ,    1094.0 ,           ,    1216.8000 ,      17.6000 ,      17.6000 ,             
Planck_Plik_lite   ,          ,    1103.0 ,           ,    1210.0000 ,      17.7000 ,      17.7000 ,             
Planck_Plik_lite   ,          ,    1112.0 ,           ,    1214.1000 ,      17.9000 ,      17.9000 ,             
Planck_Plik_lite   ,          ,    1121.0 ,           ,    1247.1000 ,      17.9000 ,      17.9000 ,             
Planck_Plik_lite   ,          ,    1130.0 ,           ,    1235.5000 ,      17.9000 ,      17.9000 ,             
Planck_Plik_lite   ,          ,    1139.0 ,           ,    1214.7000 ,      17.8000 ,      17.8000 ,             
Planck_Plik_lite   ,          ,    1148.0 ,           ,    1213.1000 ,      17.6000 ,      17.6000 ,             
Planck_Plik_lite   ,          ,    1157.0 ,           ,    1220.4000 ,      17.3000 ,      17.3000 ,             
Planck_Plik_lite   ,          ,    1166.0 ,           ,    1160.3000 ,      17.0000 ,      17.0000 ,             
Planck_Plik_lite   ,          ,    1175.0 ,           ,    1142.0000 ,      16.7000 ,      16.7000 ,             
Planck_Plik_lite   ,          ,    1184.0 ,           ,    1134.0000 ,      16.2000 ,      16.2000 ,             
Planck_Plik_lite   ,          ,    1193.0 ,           ,    1085.3000 ,      15.7000 ,      15.7000 ,             
Planck_Plik_lite   ,          ,    1202.0 ,           ,    1005.6000 ,      15.5000 ,      15.5000 ,             
Planck_Plik_lite   ,          ,    1211.0 ,           ,     974.9000 ,      15.0000 ,      15.0000 ,             
Planck_Plik_lite   ,          ,    1220.0 ,           ,     969.8000 ,      14.5000 ,      14.5000 ,             
Planck_Plik_lite   ,          ,    1229.0 ,           ,     906.5000 ,      13.9000 ,      13.9000 ,             
Planck_Plik_lite   ,          ,    1238.0 ,           ,     895.9000 ,      13.5000 ,      13.5000 ,             
Planck_Plik_lite   ,          ,    1247.0 ,           ,     859.9000 ,      13.1000 ,      13.1000 ,             
Planck_Plik_lite   ,          ,    1256.0 ,           ,     807.3000 ,      12.7000 ,      12.7000 ,             
Planck_Plik_lite   ,          ,    1265.0 ,           ,     777.6000 ,      12.3000 ,      12.3000 ,             
Planck_Plik_lite   ,          ,    1274.0 ,           ,     771.2000 ,      12.1000 ,      12.1000 ,             
Planck_Plik_lite   ,          ,    1283.0 ,           ,     737.7000 ,      11.8000 ,      11.8000 ,             
Planck_Plik_lite   ,          ,    1292.0 ,           ,     757.6000 ,      11.7000 ,      11.7000 ,             
Planck_Plik_lite   ,          ,    1301.0 ,           ,     732.9000 ,      11.6000 ,      11.6000 ,             
Planck_Plik_lite   ,          ,    1310.0 ,           ,     711.9000 ,      11.6000 ,      11.6000 ,             
Planck_Plik_lite   ,          ,    1319.0 ,           ,     720.5000 ,      11.6000 ,      11.6000 ,             
Planck_Plik_lite   ,          ,    1328.0 ,           ,     724.1000 ,      11.6000 ,      11.6000 ,             
Planck_Plik_lite   ,          ,    1337.0 ,           ,     757.6000 ,      11.7000 ,      11.7000 ,             
Planck_Plik_lite   ,          ,    1346.0 ,           ,     737.3000 ,      11.9000 ,      11.9000 ,             
Planck_Plik_lite   ,          ,    1355.0 ,           ,     765.1000 ,      12.0000 ,      12.0000 ,             
Planck_Plik_lite   ,          ,    1364.0 ,           ,     777.6000 ,      12.1000 ,      12.1000 ,             
Planck_Plik_lite   ,          ,    1373.0 ,           ,     775.5000 ,      12.3000 ,      12.3000 ,             
Planck_Plik_lite   ,          ,    1382.0 ,           ,     774.2000 ,      12.5000 ,      12.5000 ,             
Planck_Plik_lite   ,          ,    1391.0 ,           ,     805.3000 ,      12.6000 ,      12.6000 ,             
Planck_Plik_lite   ,          ,    1400.0 ,           ,     830.6000 ,      12.7000 ,      12.7000 ,             
Planck_Plik_lite   ,          ,    1409.0 ,           ,     821.2000 ,      12.8000 ,      12.8000 ,             
Planck_Plik_lite   ,          ,    1418.0 ,           ,     818.9000 ,      12.8000 ,      12.8000 ,             
Planck_Plik_lite   ,          ,    1427.0 ,           ,     795.3000 ,      12.8000 ,      12.8000 ,             
Planck_Plik_lite   ,          ,    1436.0 ,           ,     801.6000 ,      12.8000 ,      12.8000 ,             
Planck_Plik_lite   ,          ,    1445.0 ,           ,     798.6000 ,      12.8000 ,      12.8000 ,             
Planck_Plik_lite   ,          ,    1454.0 ,           ,     771.8000 ,      12.7000 ,      12.7000 ,             
Planck_Plik_lite   ,          ,    1463.0 ,           ,     762.4000 ,      12.6000 ,      12.6000 ,             
Planck_Plik_lite   ,          ,    1472.0 ,           ,     751.4000 ,      12.4000 ,      12.4000 ,             
Planck_Plik_lite   ,          ,    1481.0 ,           ,     737.8000 ,      12.2000 ,      12.2000 ,             
Planck_Plik_lite   ,          ,    1490.0 ,           ,     726.4000 ,      12.0000 ,      12.0000 ,             
Planck_Plik_lite   ,          ,    1499.0 ,           ,     703.9000 ,      11.8000 ,      11.8000 ,             
Planck_Plik_lite   ,          ,    1512.0 ,           ,     655.2000 ,       9.2000 ,       9.2000 ,             
Planck_Plik_lite   ,          ,    1529.0 ,           ,     587.7000 ,       9.0000 ,       9.0000 ,             
Planck_Plik_lite   ,          ,    1546.0 ,           ,     548.2000 ,       8.8000 ,       8.8000 ,             
Planck_Plik_lite   ,          ,    1563.0 ,           ,     503.7000 ,       8.7000 ,       8.7000 ,             
Planck_Plik_lite   ,          ,    1580.0 ,           ,     468.2000 ,       8.6000 ,       8.6000 ,             
Planck_Plik_lite   ,          ,    1597.0 ,           ,     428.9000 ,       8.5000 ,       8.5000 ,             
Planck_Plik_lite   ,          ,    1614.0 ,           ,     407.5000 ,       8.6000 ,       8.6000 ,             
Planck_Plik_lite   ,          ,    1631.0 ,           ,     398.5000 ,       8.7000 ,       8.7000 ,             
Planck_Plik_lite   ,          ,    1648.0 ,           ,     389.9000 ,       8.8000 ,       8.8000 ,             
Planck_Plik_lite   ,          ,    1665.0 ,           ,     391.5000 ,       8.9000 ,       8.9000 ,             
Planck_Plik_lite   ,          ,    1682.0 ,           ,     383.8000 ,       9.1000 ,       9.1000 ,             
Planck_Plik_lite   ,          ,    1699.0 ,           ,     398.8000 ,       9.3000 ,       9.3000 ,             
Planck_Plik_lite   ,          ,    1716.0 ,           ,     395.2000 ,       9.4000 ,       9.4000 ,             
Planck_Plik_lite   ,          ,    1733.0 ,           ,     408.2000 ,       9.6000 ,       9.6000 ,             
Planck_Plik_lite   ,          ,    1750.0 ,           ,     377.2000 ,       9.8000 ,       9.8000 ,             
Planck_Plik_lite   ,          ,    1767.0 ,           ,     379.9000 ,       9.9000 ,       9.9000 ,             
Planck_Plik_lite   ,          ,    1784.0 ,           ,     374.3000 ,      10.0000 ,      10.0000 ,             
Planck_Plik_lite   ,          ,    1801.0 ,           ,     361.3000 ,      10.1000 ,      10.1000 ,             
Planck_Plik_lite   ,          ,    1818.0 ,           ,     341.6000 ,      10.2000 ,      10.2000 ,             
Planck_Plik_lite   ,          ,    1835.0 ,           ,     314.1000 ,      10.4000 ,      10.4000 ,             
Planck_Plik_lite   ,          ,    1852.0 ,           ,     305.8000 ,      10.5000 ,      10.5000 ,             
Planck_Plik_lite   ,          ,    1869.0 ,           ,     275.4000 ,      10.6000 ,      10.6000 ,             
Planck_Plik_lite   ,          ,    1886.0 ,           ,     267.6000 ,      10.8000 ,      10.8000 ,             
Planck_Plik_lite   ,          ,    1903.0 ,           ,     247.6000 ,      10.9000 ,      10.9000 ,             
Planck_Plik_lite   ,          ,    1920.0 ,           ,     255.3000 ,      11.2000 ,      11.2000 ,             
Planck_Plik_lite   ,          ,    1937.0 ,           ,     243.5000 ,      11.4000 ,      11.4000 ,             
Planck_Plik_lite   ,          ,    1954.0 ,           ,     233.2000 ,      11.6000 ,      11.6000 ,             
Planck_Plik_lite   ,          ,    1971.0 ,           ,     230.0000 ,      11.8000 ,      11.8000 ,             
Planck_Plik_lite   ,          ,    1988.0 ,           ,     225.3000 ,      12.1000 ,      12.1000 ,             
Planck_Plik_lite   ,          ,    2005.0 ,           ,     241.7000 ,      12.6000 ,      12.6000 ,             
Planck_Plik_lite   ,          ,    2030.0 ,           ,     233.4000 ,      11.8000 ,      11.8000 ,             
Planck_Plik_lite   ,          ,    2063.0 ,           ,     216.4000 ,      12.2000 ,      12.2000 ,             
Planck_Plik_lite   ,          ,    2096.0 ,           ,     206.4000 ,      12.7000 ,      12.7000 ,             
Planck_Plik_lite   ,          ,    2129.0 ,           ,     198.4000 ,      13.2000 ,      13.2000 ,             
Planck_Plik_lite   ,          ,    2162.0 ,           ,     169.4000 ,      13.7000 ,      13.7000 ,             
Planck_Plik_lite   ,          ,    2195.0 ,           ,     141.2000 ,      14.2000 ,      14.2000 ,             
Planck_Plik_lite   ,          ,    2228.0 ,           ,     132.3000 ,      14.8000 ,      14.8000 ,             
Planck_Plik_lite   ,          ,    2261.0 ,           ,     117.8000 ,      15.4000 ,      15.4000 ,             
Planck_Plik_lite   ,          ,    2294.0 ,           ,     117.3000 ,      16.1000 ,      16.1000 ,             
Planck_Plik_lite   ,          ,    2327.0 ,           ,     110.5000 ,      16.9000 ,      16.9000 ,             
Planck_Plik_lite   ,          ,    2360.0 ,           ,     114.9000 ,      17.7000 ,      17.7000 ,             
Planck_Plik_lite   ,          ,    2393.0 ,           ,     122.5000 ,      18.7000 ,      18.7000 ,             
Planck_Plik_lite   ,          ,    2426.0 ,           ,      83.8000 ,      19.6000 ,      19.6000 ,             
Planck_Plik_lite   ,          ,    2459.0 ,           ,      84.1000 ,      20.7000 ,      20.7000 ,             
Planck_Plik_lite   ,          ,    2492.0 ,           ,      75.9000 ,      21.8000 ,      21.8000 ,             
SPT                ,          ,     675.0 ,           ,    1781.7000 ,      75.8000 ,      75.8000 ,             
SPT                ,          ,     725.0 ,           ,    1935.0000 ,      83.8000 ,      83.8000 ,             
SPT                ,          ,     775.0 ,           ,    2421.3000 ,      92.7000 ,      92.7000 ,             
SPT                ,          ,     825.0 ,           ,    2571.6001 ,      95.8000 ,      95.8000 ,             
SPT                ,          ,     875.0 ,           ,    2156.8999 ,      78.2000 ,      78.2000 ,             
SPT                ,          ,     925.0 ,           ,    1582.4000 ,      56.9000 ,      56.9000 ,             
SPT                ,          ,     975.0 ,           ,    1137.7000 ,      42.2000 ,      42.2000 ,             
SPT                ,          ,    1025.0 ,           ,    1060.9000 ,      39.1000 ,      39.1000 ,             
SPT                ,          ,    1075.0 ,           ,    1208.3000 ,      42.8000 ,      42.8000 ,             
SPT                ,          ,    1125.0 ,           ,    1186.1000 ,      43.1000 ,      43.1000 ,             
SPT                ,          ,    1175.0 ,           ,    1132.9000 ,      42.5000 ,      42.5000 ,             
SPT                ,          ,    1225.0 ,           ,     916.0000 ,      33.8000 ,      33.8000 ,             
SPT                ,          ,    1275.0 ,           ,     762.6000 ,      27.3000 ,      27.3000 ,             
SPT                ,          ,    1325.0 ,           ,     713.6000 ,      26.3000 ,      26.3000 ,             
SPT                ,          ,    1375.0 ,           ,     744.8000 ,      26.3000 ,      26.3000 ,             
SPT                ,          ,    1425.0 ,           ,     837.1000 ,      28.6000 ,      28.6000 ,             
SPT                ,          ,    1475.0 ,           ,     708.0000 ,      24.0000 ,      24.0000 ,             
SPT                ,          ,    1525.0 ,           ,     613.9000 ,      20.6000 ,      20.6000 ,             
SPT                ,          ,    1575.0 ,           ,     456.6000 ,      16.5000 ,      16.5000 ,             
SPT                ,          ,    1625.0 ,           ,     383.7000 ,      13.6000 ,      13.6000 ,             
SPT                ,          ,    1675.0 ,           ,     378.4000 ,      13.1000 ,      13.1000 ,             
SPT                ,          ,    1725.0 ,           ,     383.8000 ,      13.2000 ,      13.2000 ,             
SPT                ,          ,    1775.0 ,           ,     377.5000 ,      13.1000 ,      13.1000 ,             
SPT                ,          ,    1825.0 ,           ,     323.1000 ,      11.6000 ,      11.6000 ,             
SPT                ,          ,    1875.0 ,           ,     262.0000 ,       9.7000 ,       9.7000 ,             
SPT                ,          ,    1925.0 ,           ,     223.7000 ,       8.5000 ,       8.5000 ,             
SPT                ,          ,    1975.0 ,           ,     227.7000 ,       8.8000 ,       8.8000 ,             
SPT                ,          ,    2025.0 ,           ,     230.3000 ,       9.0000 ,       9.0000 ,             
SPT                ,          ,    2075.0 ,           ,     214.0000 ,       8.5000 ,       8.5000 ,             
SPT                ,          ,    2125.0 ,           ,     177.8000 ,       7.4000 ,       7.4000 ,             
SPT                ,          ,    2175.0 ,           ,     153.6000 ,       6.6000 ,       6.6000 ,             
SPT                ,          ,    2225.0 ,           ,     123.2000 ,       5.7000 ,       5.7000 ,             
SPT                ,          ,    2275.0 ,           ,     117.1000 ,       5.6000 ,       5.6000 ,             
SPT                ,          ,    2325.0 ,           ,     109.9000 ,       5.4000 ,       5.4000 ,             
SPT                ,          ,    2375.0 ,           ,     106.0000 ,       5.5000 ,       5.5000 ,             
SPT                ,          ,    2425.0 ,           ,      96.5000 ,       5.1000 ,       5.1000 ,             
SPT                ,          ,    2475.0 ,           ,      80.9000 ,       4.9000 ,       4.9000 ,             
SPT                ,          ,    2525.0 ,           ,      76.3000 ,       4.9000 ,       4.9000 ,             
SPT                ,          ,    2575.0 ,           ,      62.4000 ,       4.5000 ,       4.5000 ,             
SPT                ,          ,    2625.0 ,           ,      64.3000 ,       4.6000 ,       4.6000 ,             
SPT                ,          ,    2675.0 ,           ,      61.9000 ,       4.6000 ,       4.6000 ,             
SPT                ,          ,    2725.0 ,           ,      53.8000 ,       4.6000 ,       4.6000 ,             
SPT                ,          ,    2775.0 ,           ,      48.6000 ,       4.6000 ,       4.6000 ,             
SPT                ,          ,    2825.0 ,           ,      39.2000 ,       4.4000 ,       4.4000 ,             
SPT                ,          ,    2875.0 ,           ,      33.4000 ,       4.4000 ,       4.4000 ,             
SPT                ,          ,    2925.0 ,           ,      32.8000 ,       4.5000 ,       4.5000 ,             
SPT                ,          ,    2975.0 ,           ,      31.1000 ,       4.6000 ,       4.6000 ,             
