#Measurements of the TT power spectrum, power is l(l+1) C_l / 2pi in uK^2
#
   Experiment      ,    l_min ,  l_center ,     l_max ,       Power  ,  Sigma_minus ,   Sigma_plus ,    Upper Limit
ACTPol             ,          ,     600.5 ,           ,    2239.8701 ,      62.3600 ,      62.3600 ,             
ACTPol             ,          ,     650.5 ,           ,    1865.6500 ,      50.0900 ,      50.0900 ,             
ACTPol             ,          ,     700.5 ,           ,    1869.8600 ,      47.3600 ,      47.3600 ,             
ACTPol             ,          ,     750.5 ,           ,    2260.7900 ,      51.0700 ,      51.0700 ,             
ACTPol             ,          ,     800.5 ,           ,    2471.3601 ,      52.5800 ,      52.5800 ,             
ACTPol             ,          ,     850.5 ,           ,    2405.1001 ,      49.9500 ,      49.9500 ,             
ACTPol             ,          ,     900.5 ,           ,    1891.6700 ,      39.6700 ,      39.6700 ,             
ACTPol             ,          ,     950.5 ,           ,    1330.7000 ,      29.7900 ,      29.7900 ,             
ACTPol             ,          ,    1000.5 ,           ,    1099.7200 ,      23.6100 ,      23.6100 ,             
ACTPol             ,          ,    1050.5 ,           ,    1090.9700 ,      23.9300 ,      23.9300 ,             
ACTPol             ,          ,    1100.5 ,           ,    1224.2500 ,      23.6800 ,      23.6800 ,             
ACTPol             ,          ,    1150.5 ,           ,    1229.7400 ,      23.3000 ,      23.3000 ,             
ACTPol             ,          ,    1200.5 ,           ,    1026.9900 ,      20.2600 ,      20.2600 ,             
ACTPol             ,          ,    1250.5 ,           ,     841.8900 ,      17.1300 ,      17.1300 ,             
ACTPol             ,          ,    1300.5 ,           ,     725.5100 ,      15.0200 ,      15.0200 ,             
ACTPol             ,          ,    1350.5 ,           ,     772.4300 ,      14.9400 ,      14.9400 ,             
ACTPol             ,          ,    1400.5 ,           ,     828.6300 ,      15.1200 ,      15.1200 ,             
ACTPol             ,          ,    1450.5 ,           ,     817.2500 ,      14.3100 ,      14.3100 ,             
ACTPol             ,          ,    1500.5 ,           ,     689.8000 ,      13.1900 ,      13.1900 ,             
ACTPol             ,          ,    1550.5 ,           ,     530.7000 ,      11.0700 ,      11.0700 ,             
ACTPol             ,          ,    1600.5 ,           ,     444.5700 ,       9.1900 ,       9.1900 ,             
ACTPol             ,          ,    1650.5 ,           ,     394.2100 ,       8.6000 ,       8.6000 ,             
ACTPol             ,          ,    1700.5 ,           ,     398.7900 ,       8.3200 ,       8.3200 ,             
ACTPol             ,          ,    1750.5 ,           ,     394.9500 ,       8.2900 ,       8.2900 ,             
ACTPol             ,          ,    1800.5 ,           ,     355.9600 ,       7.9500 ,       7.9500 ,             
ACTPol             ,          ,    1850.5 ,           ,     314.7100 ,       6.9800 ,       6.9800 ,             
ACTPol             ,          ,    1900.5 ,           ,     256.7600 ,       6.1200 ,       6.1200 ,             
ACTPol             ,          ,    1950.5 ,           ,     250.9300 ,       5.9500 ,       5.9500 ,             
ACTPol             ,          ,    2000.5 ,           ,     230.1500 ,       5.7500 ,       5.7500 ,             
ACTPol             ,          ,    2075.5 ,           ,     218.8100 ,       3.7900 ,       3.7900 ,             
ACTPol             ,          ,    2175.5 ,           ,     158.6200 ,       3.1900 ,       3.1900 ,             
ACTPol             ,          ,    2275.5 ,           ,     117.4900 ,       2.6600 ,       2.6600 ,             
ACTPol             ,          ,    2375.5 ,           ,     108.6200 ,       2.4900 ,       2.4900 ,             
ACTPol             ,          ,    2475.5 ,           ,      85.7500 ,       2.2600 ,       2.2600 ,             
ACTPol             ,          ,    2625.5 ,           ,      63.5800 ,       1.4100 ,       1.4100 ,             
ACTPol             ,          ,    2825.5 ,           ,      41.1900 ,       1.2200 ,       1.2200 ,             
ACTPol             ,          ,    3025.5 ,           ,      24.8100 ,       1.1100 ,       1.1100 ,             
ACTPol             ,          ,    3325.5 ,           ,      13.3200 ,       0.7800 ,       0.7800 ,             
ACTPol             ,          ,    3725.5 ,           ,       3.9700 ,       0.7800 ,       0.7800 ,             
ACTPol             ,          ,    4125.5 ,           ,       0.6200 ,       0.8000 ,       0.8000 ,             
Planck unbinned    ,          ,       2.0 ,           ,     225.9000 ,     132.4000 ,     533.1000 ,             
Planck unbinned    ,          ,       3.0 ,           ,     936.9000 ,     450.5000 ,    1212.3000 ,             
Planck unbinned    ,          ,       4.0 ,           ,     692.2000 ,     294.1000 ,     666.5000 ,             
Planck unbinned    ,          ,       5.0 ,           ,    1501.7000 ,     574.4000 ,    1155.8000 ,             
Planck unbinned    ,          ,       6.0 ,           ,     557.6000 ,     201.2000 ,     375.8000 ,             
Planck unbinned    ,          ,       7.0 ,           ,    1152.6000 ,     381.6000 ,     670.8000 ,             
Planck unbinned    ,          ,       8.0 ,           ,     615.8000 ,     192.0000 ,     323.4000 ,             
Planck unbinned    ,          ,       9.0 ,           ,     697.8000 ,     214.6000 ,     349.6000 ,             
Planck unbinned    ,          ,      10.0 ,           ,     803.7000 ,     232.8000 ,     367.9000 ,             
Planck unbinned    ,          ,      11.0 ,           ,     869.6000 ,     240.3000 ,     371.0000 ,             
Planck unbinned    ,          ,      12.0 ,           ,     764.1000 ,     205.0000 ,     310.6000 ,             
Planck unbinned    ,          ,      13.0 ,           ,     599.0000 ,     158.6000 ,     235.6000 ,             
Planck unbinned    ,          ,      14.0 ,           ,     808.1000 ,     199.4000 ,     290.8000 ,             
Planck unbinned    ,          ,      15.0 ,           ,    1022.1000 ,     243.5000 ,     349.7000 ,             
Planck unbinned    ,          ,      16.0 ,           ,     621.3000 ,     151.0000 ,     215.8000 ,             
Planck unbinned    ,          ,      17.0 ,           ,    1035.4000 ,     236.2000 ,     332.1000 ,             
Planck unbinned    ,          ,      18.0 ,           ,     674.6000 ,     156.3000 ,     216.9000 ,             
Planck unbinned    ,          ,      19.0 ,           ,     951.6000 ,     211.6000 ,     291.0000 ,             
Planck unbinned    ,          ,      20.0 ,           ,     659.9000 ,     144.8000 ,     197.6000 ,             
Planck unbinned    ,          ,      21.0 ,           ,     601.9000 ,     136.1000 ,     185.3000 ,             
Planck unbinned    ,          ,      22.0 ,           ,     605.3000 ,     131.7000 ,     177.0000 ,             
Planck unbinned    ,          ,      23.0 ,           ,     748.5000 ,     155.9000 ,     208.7000 ,             
Planck unbinned    ,          ,      24.0 ,           ,     850.5000 ,     175.6000 ,     233.2000 ,             
Planck unbinned    ,          ,      25.0 ,           ,     814.3000 ,     169.4000 ,     224.3000 ,             
Planck unbinned    ,          ,      26.0 ,           ,     823.8000 ,     164.4000 ,     215.4000 ,             
Planck unbinned    ,          ,      27.0 ,           ,    1004.0000 ,     190.3000 ,     247.9000 ,             
Planck unbinned    ,          ,      28.0 ,           ,    1149.9000 ,     215.1000 ,     279.1000 ,             
Planck unbinned    ,          ,      29.0 ,           ,     979.6000 ,     183.1000 ,     236.7000 ,             
Planck binned      ,          ,      47.7 ,           ,    1479.3000 ,      50.8000 ,      50.8000 ,             
Planck binned      ,          ,      76.5 ,           ,    2035.0000 ,      54.7000 ,      54.7000 ,             
Planck binned      ,          ,     105.9 ,           ,    2955.3999 ,      65.0000 ,      65.0000 ,             
Planck binned      ,          ,     135.6 ,           ,    3869.5000 ,      76.9000 ,      76.9000 ,             
Planck binned      ,          ,     165.4 ,           ,    4889.5000 ,      86.6000 ,      86.6000 ,             
Planck binned      ,          ,     195.3 ,           ,    5464.1001 ,      90.6000 ,      90.6000 ,             
Planck binned      ,          ,     225.2 ,           ,    5793.3999 ,      87.1000 ,      87.1000 ,             
Planck binned      ,          ,     255.1 ,           ,    5372.8999 ,      76.9000 ,      76.9000 ,             
Planck binned      ,          ,     285.0 ,           ,    4627.7002 ,      62.5000 ,      62.5000 ,             
Planck binned      ,          ,     315.0 ,           ,    3604.2000 ,      47.2000 ,      47.2000 ,             
Planck binned      ,          ,     344.9 ,           ,    2631.2000 ,      33.9000 ,      33.9000 ,             
Planck binned      ,          ,     374.9 ,           ,    2033.1000 ,      24.8000 ,      24.8000 ,             
Planck binned      ,          ,     404.9 ,           ,    1753.4000 ,      20.7000 ,      20.7000 ,             
Planck binned      ,          ,     434.8 ,           ,    1787.6000 ,      20.7000 ,      20.7000 ,             
Planck binned      ,          ,     464.8 ,           ,    2162.0000 ,      22.8000 ,      22.8000 ,             
Planck binned      ,          ,     494.8 ,           ,    2422.1001 ,      25.0000 ,      25.0000 ,             
Planck binned      ,          ,     524.8 ,           ,    2573.5000 ,      25.9000 ,      25.9000 ,             
Planck binned      ,          ,     554.8 ,           ,    2546.3000 ,      25.1000 ,      25.1000 ,             
Planck binned      ,          ,     584.8 ,           ,    2360.6001 ,      22.7000 ,      22.7000 ,             
Planck binned      ,          ,     614.7 ,           ,    2095.3999 ,      19.9000 ,      19.9000 ,             
Planck binned      ,          ,     644.7 ,           ,    1884.7000 ,      17.5000 ,      17.5000 ,             
Planck binned      ,          ,     674.7 ,           ,    1813.2000 ,      16.4000 ,      16.4000 ,             
Planck binned      ,          ,     704.7 ,           ,    1883.2000 ,      16.8000 ,      16.8000 ,             
Planck binned      ,          ,     734.7 ,           ,    2097.1001 ,      18.2000 ,      18.2000 ,             
Planck binned      ,          ,     764.7 ,           ,    2318.7000 ,      19.7000 ,      19.7000 ,             
Planck binned      ,          ,     794.7 ,           ,    2464.6001 ,      20.7000 ,      20.7000 ,             
Planck binned      ,          ,     824.7 ,           ,    2521.8999 ,      20.5000 ,      20.5000 ,             
Planck binned      ,          ,     854.7 ,           ,    2394.1001 ,      19.0000 ,      19.0000 ,             
Planck binned      ,          ,     884.7 ,           ,    2083.3000 ,      16.6000 ,      16.6000 ,             
Planck binned      ,          ,     914.7 ,           ,    1740.7000 ,      13.7000 ,      13.7000 ,             
Planck binned      ,          ,     944.7 ,           ,    1418.7000 ,      11.1000 ,      11.1000 ,             
Planck binned      ,          ,     974.7 ,           ,    1173.0000 ,       9.3000 ,       9.3000 ,             
Planck binned      ,          ,    1004.6 ,           ,    1062.4000 ,       8.4000 ,       8.4000 ,             
Planck binned      ,          ,    1034.6 ,           ,    1047.9000 ,       8.3000 ,       8.3000 ,             
Planck binned      ,          ,    1064.6 ,           ,    1132.4000 ,       8.7000 ,       8.7000 ,             
Planck binned      ,          ,    1094.6 ,           ,    1211.0000 ,       9.1000 ,       9.1000 ,             
Planck binned      ,          ,    1124.6 ,           ,    1231.9000 ,       9.3000 ,       9.3000 ,             
Planck binned      ,          ,    1154.6 ,           ,    1205.8000 ,       9.0000 ,       9.0000 ,             
Planck binned      ,          ,    1184.6 ,           ,    1117.9000 ,       8.3000 ,       8.3000 ,             
Planck binned      ,          ,    1214.6 ,           ,     968.4000 ,       7.5000 ,       7.5000 ,             
Planck binned      ,          ,    1244.6 ,           ,     864.4000 ,       6.6000 ,       6.6000 ,             
Planck binned      ,          ,    1274.6 ,           ,     761.6000 ,       6.0000 ,       6.0000 ,             
Planck binned      ,          ,    1304.6 ,           ,     732.3000 ,       5.7000 ,       5.7000 ,             
Planck binned      ,          ,    1334.6 ,           ,     737.3000 ,       5.7000 ,       5.7000 ,             
Planck binned      ,          ,    1364.6 ,           ,     774.9000 ,       5.9000 ,       5.9000 ,             
Planck binned      ,          ,    1394.6 ,           ,     806.6000 ,       6.2000 ,       6.2000 ,             
Planck binned      ,          ,    1424.6 ,           ,     809.1000 ,       6.3000 ,       6.3000 ,             
Planck binned      ,          ,    1454.6 ,           ,     777.8000 ,       6.1000 ,       6.1000 ,             
Planck binned      ,          ,    1484.6 ,           ,     728.9000 ,       5.7000 ,       5.7000 ,             
Planck binned      ,          ,    1514.6 ,           ,     648.3000 ,       5.2000 ,       5.2000 ,             
Planck binned      ,          ,    1544.6 ,           ,     551.3000 ,       4.7000 ,       4.7000 ,             
Planck binned      ,          ,    1574.6 ,           ,     476.6000 ,       4.3000 ,       4.3000 ,             
Planck binned      ,          ,    1604.6 ,           ,     419.5000 ,       4.0000 ,       4.0000 ,             
Planck binned      ,          ,    1634.6 ,           ,     395.2000 ,       4.0000 ,       4.0000 ,             
Planck binned      ,          ,    1664.6 ,           ,     391.7000 ,       4.0000 ,       4.0000 ,             
Planck binned      ,          ,    1694.6 ,           ,     392.9000 ,       4.2000 ,       4.2000 ,             
Planck binned      ,          ,    1724.6 ,           ,     397.7000 ,       4.3000 ,       4.3000 ,             
Planck binned      ,          ,    1754.6 ,           ,     383.0000 ,       4.4000 ,       4.4000 ,             
Planck binned      ,          ,    1784.6 ,           ,     375.4000 ,       4.5000 ,       4.5000 ,             
Planck binned      ,          ,    1814.6 ,           ,     340.1000 ,       4.5000 ,       4.5000 ,             
Planck binned      ,          ,    1844.6 ,           ,     307.5000 ,       4.5000 ,       4.5000 ,             
Planck binned      ,          ,    1874.6 ,           ,     273.9000 ,       4.5000 ,       4.5000 ,             
Planck binned      ,          ,    1904.6 ,           ,     249.8000 ,       4.6000 ,       4.6000 ,             
Planck binned      ,          ,    1934.6 ,           ,     244.2000 ,       4.8000 ,       4.8000 ,             
Planck binned      ,          ,    1964.6 ,           ,     231.9000 ,       5.0000 ,       5.0000 ,             
Planck binned      ,          ,    1994.6 ,           ,     234.7000 ,       5.4000 ,       5.4000 ,             
Planck binned      ,          ,    2024.6 ,           ,     231.7000 ,       5.9000 ,       5.9000 ,             
Planck binned      ,          ,    2054.6 ,           ,     219.7000 ,       6.2000 ,       6.2000 ,             
Planck binned      ,          ,    2084.6 ,           ,     214.3000 ,       6.5000 ,       6.5000 ,             
Planck binned      ,          ,    2114.6 ,           ,     196.7000 ,       6.9000 ,       6.9000 ,             
Planck binned      ,          ,    2144.6 ,           ,     176.4000 ,       7.2000 ,       7.2000 ,             
Planck binned      ,          ,    2174.6 ,           ,     152.2000 ,       7.6000 ,       7.6000 ,             
Planck binned      ,          ,    2204.6 ,           ,     138.7000 ,       8.1000 ,       8.1000 ,             
Planck binned      ,          ,    2234.6 ,           ,     121.5000 ,       8.6000 ,       8.6000 ,             
Planck binned      ,          ,    2264.6 ,           ,     116.2000 ,       9.3000 ,       9.3000 ,             
Planck binned      ,          ,    2294.6 ,           ,     117.8000 ,       9.9000 ,       9.9000 ,             
Planck binned      ,          ,    2324.6 ,           ,     116.1000 ,      10.7000 ,      10.7000 ,             
Planck binned      ,          ,    2354.6 ,           ,     109.7000 ,      11.5000 ,      11.5000 ,             
Planck binned      ,          ,    2384.6 ,           ,     120.4000 ,      12.4000 ,      12.4000 ,             
Planck binned      ,          ,    2414.6 ,           ,      90.5000 ,      13.3000 ,      13.3000 ,             
Planck binned      ,          ,    2444.6 ,           ,     103.1000 ,      14.4000 ,      14.4000 ,             
Planck binned      ,          ,    2474.6 ,           ,      73.7000 ,      15.5000 ,      15.5000 ,             
Planck binned      ,          ,    2499.0 ,           ,      61.3000 ,      20.9000 ,      20.9000 ,             
SPT                ,          ,     675.0 ,           ,    1781.7000 ,      75.8000 ,      75.8000 ,             
SPT                ,          ,     725.0 ,           ,    1935.0000 ,      83.8000 ,      83.8000 ,             
SPT                ,          ,     775.0 ,           ,    2421.3000 ,      92.7000 ,      92.7000 ,             
SPT                ,          ,     825.0 ,           ,    2571.6001 ,      95.8000 ,      95.8000 ,             
SPT                ,          ,     875.0 ,           ,    2156.8999 ,      78.2000 ,      78.2000 ,             
SPT                ,          ,     925.0 ,           ,    1582.4000 ,      56.9000 ,      56.9000 ,             
SPT                ,          ,     975.0 ,           ,    1137.7000 ,      42.2000 ,      42.2000 ,             
SPT                ,          ,    1025.0 ,           ,    1060.9000 ,      39.1000 ,      39.1000 ,             
SPT                ,          ,    1075.0 ,           ,    1208.3000 ,      42.8000 ,      42.8000 ,             
SPT                ,          ,    1125.0 ,           ,    1186.1000 ,      43.1000 ,      43.1000 ,             
SPT                ,          ,    1175.0 ,           ,    1132.9000 ,      42.5000 ,      42.5000 ,             
SPT                ,          ,    1225.0 ,           ,     916.0000 ,      33.8000 ,      33.8000 ,             
SPT                ,          ,    1275.0 ,           ,     762.6000 ,      27.3000 ,      27.3000 ,             
SPT                ,          ,    1325.0 ,           ,     713.6000 ,      26.3000 ,      26.3000 ,             
SPT                ,          ,    1375.0 ,           ,     744.8000 ,      26.3000 ,      26.3000 ,             
SPT                ,          ,    1425.0 ,           ,     837.1000 ,      28.6000 ,      28.6000 ,             
SPT                ,          ,    1475.0 ,           ,     708.0000 ,      24.0000 ,      24.0000 ,             
SPT                ,          ,    1525.0 ,           ,     613.9000 ,      20.6000 ,      20.6000 ,             
SPT                ,          ,    1575.0 ,           ,     456.6000 ,      16.5000 ,      16.5000 ,             
SPT                ,          ,    1625.0 ,           ,     383.7000 ,      13.6000 ,      13.6000 ,             
SPT                ,          ,    1675.0 ,           ,     378.4000 ,      13.1000 ,      13.1000 ,             
SPT                ,          ,    1725.0 ,           ,     383.8000 ,      13.2000 ,      13.2000 ,             
SPT                ,          ,    1775.0 ,           ,     377.5000 ,      13.1000 ,      13.1000 ,             
SPT                ,          ,    1825.0 ,           ,     323.1000 ,      11.6000 ,      11.6000 ,             
SPT                ,          ,    1875.0 ,           ,     262.0000 ,       9.7000 ,       9.7000 ,             
SPT                ,          ,    1925.0 ,           ,     223.7000 ,       8.5000 ,       8.5000 ,             
SPT                ,          ,    1975.0 ,           ,     227.7000 ,       8.8000 ,       8.8000 ,             
SPT                ,          ,    2025.0 ,           ,     230.3000 ,       9.0000 ,       9.0000 ,             
SPT                ,          ,    2075.0 ,           ,     214.0000 ,       8.5000 ,       8.5000 ,             
SPT                ,          ,    2125.0 ,           ,     177.8000 ,       7.4000 ,       7.4000 ,             
SPT                ,          ,    2175.0 ,           ,     153.6000 ,       6.6000 ,       6.6000 ,             
SPT                ,          ,    2225.0 ,           ,     123.2000 ,       5.7000 ,       5.7000 ,             
SPT                ,          ,    2275.0 ,           ,     117.1000 ,       5.6000 ,       5.6000 ,             
SPT                ,          ,    2325.0 ,           ,     109.9000 ,       5.4000 ,       5.4000 ,             
SPT                ,          ,    2375.0 ,           ,     106.0000 ,       5.5000 ,       5.5000 ,             
SPT                ,          ,    2425.0 ,           ,      96.5000 ,       5.1000 ,       5.1000 ,             
SPT                ,          ,    2475.0 ,           ,      80.9000 ,       4.9000 ,       4.9000 ,             
SPT                ,          ,    2525.0 ,           ,      76.3000 ,       4.9000 ,       4.9000 ,             
SPT                ,          ,    2575.0 ,           ,      62.4000 ,       4.5000 ,       4.5000 ,             
SPT                ,          ,    2625.0 ,           ,      64.3000 ,       4.6000 ,       4.6000 ,             
SPT                ,          ,    2675.0 ,           ,      61.9000 ,       4.6000 ,       4.6000 ,             
SPT                ,          ,    2725.0 ,           ,      53.8000 ,       4.6000 ,       4.6000 ,             
SPT                ,          ,    2775.0 ,           ,      48.6000 ,       4.6000 ,       4.6000 ,             
SPT                ,          ,    2825.0 ,           ,      39.2000 ,       4.4000 ,       4.4000 ,             
SPT                ,          ,    2875.0 ,           ,      33.4000 ,       4.4000 ,       4.4000 ,             
SPT                ,          ,    2925.0 ,           ,      32.8000 ,       4.5000 ,       4.5000 ,             
SPT                ,          ,    2975.0 ,           ,      31.1000 ,       4.6000 ,       4.6000 ,             
